13 1836
4 249
4 154
9 351
2 85
5 768
3 168
5 231
18 716
4 315
6 639
10 2108
1 92
8 483
4 90
7 925
4 186
12 777
5 273
9 218
7 381
7 550
10 1511
7 311
5 451
5 258
2 349
121 4188
12 1513
3 247
13 621
1 196
7 832
4 216
4 189
2 698
19 2423
9 309
4 146
2 87
3 220
2 295
6 238
6 315
1 84
3 240
8 534
1 74
3 466
9 526
9 390
2 75
1 125
6 337
4 211
5 136
3 44
4 114
3 83
6 179
6 250
4 82
3 108
3 148
9 757
4 163
1 103
5 752
1 117
6 350
9 340
4 294
1 53
7 402
4 202
7 134
7 419
2 76
2 80
11 4294
4 243
2 112
3 230
1 43
13 1567
3 95
1 529
3 946
3 145
3 71
2 120
10 1167
4 231
5 245
3 206
5 159
1 67
3 153
17 1082
14 480
4 545
9 326
10 670
8 276
4 154
5 383
7 123
4 208
9 420
12 5679
4 156
4 225
2 262
5 126
5 152
9 476
1 244
3 290
13 733
17 488
13 510
4 245
7 282
4 149
10 789
11 773
9 208
1 817
3 487
6 157
1 50
4 148
5 1377
11 393
3 149
8 505
8 271
3 68
4 207
7 291
3 251
5 144
5 131
3 245
6 312
2 93
2 88
4 168
9 910
1 188
2 159
4 1143
6 490
1 66
4 160
2 269
1 230
18 1031
18 2319
1 95
2 53
3 136
3 162
2 107
11 821
2 61
5 141
6 168
2 124
4 260
3 84
1 78
4 160
3 217
3 181
2 99
10 999
10 384
1 852
2 115
10 333
5 406
3 137
5 155
4 125
6 187
2 34
4 210
17 275
2 52
2 121
3 104
1 94
3 134
3 127
9 1328
1 114
7 158
5 168
4 145
10 679
12 186
4 67
5 329
4 386
3 128
4 123
6 560
11 702
7 949
2 220
7 361
10 1246
1 69
8 623
7 180
1 46
1 111
2 97
5 191
5 430
7 379
2 1016
2 175
4 597
4 168
2 89
3 126
5 320
2 110
3 104
3 187
2 124
1 34
4 541
1 42
1 66
5 301
6 307
2 244
4 135
4 314
1 81
4 493
2 44
4 278
22 2542
2 45
4 413
3 51
1 153
1 177
6 213
3 166
2 116
2 194
4 257
7 588
1 58
3 79
6 156
2 313
4 161
2 107
2 95
8 590
2 60
3 104
11 1179
4 127
10 1083
1 152
5 147
3 60
5 151
5 259
5 237
11 772
3 167
6 472
8 1075
8 438
31 1107
2 106
2 117
2 72
6 277
2 87
13 753
4 146
3 74
3 228
3 262
4 180
1 191
2 144
1 243
5 263
6 569
4 198
4 70
3 121
3 98
7 145
8 426
11 2938
1 81
5 285
3 62
3 108
4 240
3 192
1 73
1 56
5 278
3 146
10 514
3 125
3 227
3 101
2 152
1 105
1 61
5 955
3 71
3 174
5 344
3 51
1 82
2 177
3 160
4 92
3 82
1 74
1 94
8 355
5 264
3 213
11 726
3 211
16 2013
6 260
5 1431
21 19695
2 70
7 524
6 100
7 268
18 497
1 48
3 93
14 1069
3 120
1 392
4 659
3 239
7 344
3 367
5 199
1 68
1 108
1 69
8 157
3 56
7 1668
4 133
1 150
14 1379
3 150
2 73
3 94
7 277
3 116
1 39
6 184
3 58
0 60
8 197
5 129
4 242
1 67
2 42
1 25
4 125
3 155
1 65
7 458
4 198
3 316
2 122
6 1055
5 163
2 107
1 67
2 213
2 133
2 96
3 211
2 50
2 43
4 821
2 37
3 507
2 63
9 290
5 54
6 411
4 235
1 91
7 145
3 232
5 178
3 89
5 264
1 44
5 332
1 82
2 186
5 445
3 99
4 512
2 245
3 226
5 195
8 307
33 15180
9 279
2 150
1 63
4 196
1 73
3 475
1 42
4 76
2 79
2 95
4 130
2 122
1 84
2 63
1 66
2 118
4 86
6 223
3 82
4 159
2 52
3 69
3 103
3 375
6 128
4 111
5 106
22 987
1 104
10 266
1 60
4 245
6 128
2 88
2 778
3 257
10 1803
2 80
1 111
10 478
1 135
2 103
3 52
1 44
4 786
4 106
6 546
2 150
7 211
4 306
4 262
4 178
3 235
5 493
4 213
3 119
1 107
1 91
3 87
3 85
5 395
4 102
2 139
5 336
2 114
4 162
3 468
3 109
4 282
3 57
3 51
1 48
2 98
3 1242
2 110
5 174
9 543
1 104
2 57
1 86
10 905
1 64
2 163
4 64
3 141
5 119
5 267
4 117
4 79
5 165
2 340
2 105
5 102
1 60
10 1559
4 184
9 359
5 231
3 141
7 341
2 49
4 395
1 102
1 74
5 87
4 360
2 78
7 164
2 60
4 84
8 124
2 138
9 787
3 73
2 102
2 93
1 42
5 375
23 1908
3 46
1 127
2 74
11 307
2 56
2 150
11 349
4 218
4 119
1 39
5 101
1 82
5 88
6 281
2 256
1 111
3 60
1 55
4 137
1 105
3 200
4 180
4 97
1 92
2 117
1 62
2 28
63 6508
1 105
8 684
2 59
21 2847
5 374
10 389
7 269
1 198
2 58
12 357
3 178
1 70
3 115
7 256
2 132
4 144
9 199
4 205
6 398
4 110
1 173
2 118
4 189
7 192
4 160
8 334
8 1133
2 148
4 131
4 253
2 133
3 344
8 466
3 221
4 63
14 1188
6 568
1 106
3 142
2 170
1 90
3 93
3 100
11 893
3 147
5 249
4 147
1 76
1 49
9 350
4 186
3 120
2 88
3 97
2 95
1 67
6 1499
1 66
4 481
1 85
7 317
1 39
5 101
1 59
6 212
5 157
7 241
7 450
4 101
4 86
4 68
1 61
8 249
4 411
7 277
4 204
12 773
3 264
3 136
4 136
1 460
1 153
8 619
1 55
4 268
4 249
7 182
2 93
8 170
38 1380
4 232
3 125
5 148
5 130
1 142
24 269
4 96
4 134
2 119
5 287
1 29
1 130
1 331
1 105
3 410
2 226
3 89
1 101
1 95
9 323
1 188
2 37
3 99
1 86
3 48
1 90
5 126
2 97
3 135
2 83
1 124
3 207
2 630
2 74
2 128
3 126
2 79
1 39
7 108
3 97
5 102
2 61
6 157
7 184
4 62
4 170
1 85
1 56
8 304
2 302
6 175
2 315
1 555
2 238
3 138
3 385
1 52
3 122
1 106
7 215
1 67
4 215
5 107
7 215
2 120
4 200
9 925
5 119
3 89
2 100
3 157
3 98
1 97
3 92
4 252
4 104
1 75
3 81
3 544
2 63
2 86
5 268
6 489
2 73
1 97
2 71
3 453
4 94
1 136
8 512
1 34
3 85
1 41
2 46
2 287
7 340
1 116
2 65
1 85
3 172
4 190
3 134
3 174
20 1015
3 59
3 77
8 350
13 549
2 54
4 117
1 44
3 171
5 95
2 73
1 81
1 101
3 96
7 110
2 57
2 106
4 66
2 146
3 341
2 64
12 1044
2 37
1 41
1 87
1 83
2 66
5 356
6 187
3 320
2 54
1 117
5 87
2 120
2 121
1 94
5 86
6 96
2 46
26 757
3 101
1 55
2 83
4 753
5 184
1 59
2 128
1 102
1 90
2 23
1 66
9 891
4 184
2 120
4 202
3 113
1 75
1 63
1 130
4 63
5 306
5 74
10 1277
1 77
2 273
2 1108
5 143
3 124
2 65
5 153
3 130
6 175
15 739
2 107
4 118
7 245
3 124
2 129
7 217
1 42
1 83
2 40
2 131
2 146
4 167
2 80
10 314
5 631
3 100
9 816
3 101
2 99
4 237
3 165
3 62
7 137
2 85
15 590
3 47
5 270
2 58
3 401
1 129
4 357
7 449
1 38
8 584
2 147
2 73
3 150
6 413
4 87
4 113
2 57
7 238
10 285
4 129
6 139
17 239
3 158
7 161
4 206
1 45
5 1008
3 164
2 57
5 151
1 38
4 127
4 256
1 93
3 169
1 48
1 62
7 195
13 358
3 81
3 56
2 95
4 177
2 131
4 128
4 691
1 53
14 1167
3 69
5 184
5 159
2 58
3 94
3 133
4 191
5 107
3 90
2 80
77 390
2 131
6 141
2 131
3 85
7 310
17 1988
10 294
4 118
1 849
5 307
7 913
3 715
7 4406
2 94
3 102
3 164
3 189
2 186
6 289
3 57
13 1753
2 104
2 616
3 192
4 141
6 137
13 740
2 175
1 40
7 229
1 162
1 98
5 259
2 73
1 107
5 153
2 70
2 139
4 185
1 55
2 105
10 272
6 157
2 105
2 103
10 128
5 198
5 250
3 155
2 38
3 155
1 83
1 79
4 203
10 723
6 252
5 102
1 59
1 78
1 84
1 65
1 39
2 132
1 40
2 216
2 826
1 114
3 44
5 141
10 4250
2 42
1 70
5 92
4 100
3 48
3 152
1 141
2 118
1 35
5 153
2 44
3 130
2 91
5 215
4 44
3 95
1 53
2 55
3 58
3 138
3 84
3 197
5 111
4 137
2 81
2 42
2 40
2 67
7 192
3 77
1 58
10 312
1 31
5 165
1 46
16 390
3 81
3 42
4 97
1 41
2 158
2 94
4 148
1 267
2 109
5 189
1 61
2 112
1 504
2 155
3 139
5 208
18 410
4 594
6 236
4 233
8 705
2 387
3 101
1 61
2 324
3 108
2 47
1 1220
2 64
1 104
1 83
2 77
3 633
3 5833
2 145
2 143
2 34
1 109
2 71
1 39
2 311
5 104
3 65
4 71
2 91
3 81
1 70
1 56
1 68
4 135
1 23
2 52
1 302
2 127
3 113
4 206
2 140
5 176
3 171
1 27
1 108
2 54
8 220
2 87
5 156
3 171
2 67
3 376
1 64
1 92
2 183
2 72
5 108
2 90
2 304
5 220
6 125
4 257
2 80
16 674
78 867
10 374
2 111
3 183
3 257
2 234
3 83
1 89
3 76
1 184
3 122
1 227
1 40
1 67
2 114
2 28
4 479
2 102
1 323
1 95
8 194
5 215
2 373
1 89
1 186
6 149
6 702
2 104
2 174
1 77
2 126
29 1065
3 49
3 182
2 170
12 175
4 242
1 101
3 282
2 50
2 76
3 90
2 44
6 214
2 82
12 412
4 284
3 206
2 256
2 88
5 98
4 133
4 76
3 110
2 72
2 62
7 283
3 88
3 68
1 83
1 84
2 34
1 619
15 771
6 129
2 64
2 50
2 81
4 70
2 231
22 635
2 99
2 48
12 553
2 114
1 154
2 64
1 49
2 102
1 86
3 83
4 165
1 40
6 99
5 273
2 116
1 49
1 71
1 129
2 250
2 45
2 119
2 67
5 393
5 202
1 105
4 301
1 62
2 419
6 583
3 172
2 55
4 57
3 250
1 44
2 66
2 353
2 71
1 127
5 190
2 70
5 135
8 195
5 455
2 66
4 184
7 433
5 136
3 54
1 97
5 125
5 247
1 101
3 115
1 69
2 76
2 39
4 185
3 75
6 353
1 76
10 331
1 29
5 176
12 3243
5 324
1 88
8 322
2 50
3 83
1 135
1 64
2 86
1 71
2 655
8 253
6 160
1 89
6 184
2 293
2 314
3 81
8 113
3 189
8 293
3 52
4 118
5 252
4 220
4 208
2 718
3 220
4 93
1 158
4 136
3 169
3 55
16 4940
6 136
2 90
3 97
1 53
3 169
1 308
31 884
3 911
2 132
1 118
42 4764
2 119
4 118
3 299
4 87
5 753
2 52
6 759
4 118
4 151
15 210
4 43
0 83
1 195
1 79
2 36
2 67
1 97
4 118
1 43
2 96
2 243
3 194
1 76
2 224
35 938
14 546
10 343
5 311
2 82
4 83
1 92
2 136
7 398
3 85
2 90
0 36
2 110
1 36
2 52
4 108
1 65
1 121
1 70
21 648
4 191
6 278
19 221
9 229
2 121
2 125
3 105
6 510
1 80
2 77
5 98
2 71
2 76
12 827
5 143
2 53
5 136
0 66
0 40
7 192
6 77
3 64
7 272
8 258
2 147
3 96
1 121
2 140
4 131
3 111
1 105
3 63
3 59
2 37
1 403
5 96
4 195
1 122
3 76
3 38
6 192
1 75
15 510
12 165
2 385
1 71
1 189
2 112
2 129
8 12584
11 463
3 544
4 113
3 117
1 536
1 119
3 97
1 742
1 299
1 58
7 183
2 35
2 40
8 203
3 267
2 518
0 47
1 95
2 52
1 47
4 76
2 149
2 134
2 44
1 202
13 139
2 250
12 2952
6 342
2 109
2 42
1 42
1 79
4 110
1 199
3 41
3 181
1 60
10 178
2 174
1 43
7 368
19 1005
1 219
1 64
3 70
3 124
6 83
6 362
3 151
21 1315
8 651
1 96
4 98
2 83
3 71
3 466
2 77
1 44
6 272
5 167
1 93
1 69
1 116
7 309
11 592
1 77
2 261
1 511
3 94
1 100
2 99
4 416
3 73
1 54
8 479
1 33
3 106
2 152
6 217
48 2790
3 126
2 73
2 74
3 269
1 48
3 93
2 854
5 242
10 339
2 86
2 40
2 93
1 72
4 118
2 235
5 130
4 94
2 94
1 43
4 125
2 141
2 69
1 44
2 59
4 120
5 210
8 262
2 109
1 88
2 82
4 159
2 42
2 46
2 44
4 158
1 82
1 58
1 79
2 64
9 418
11 945
7 115
1 124
3 121
5 121
1 39
1 199
0 43
8 306
2 141
2 117
4 73
3 88
4 109
27 2134
2 138
2 63
2 563
2 85
2 39
6 178
89 2352
3 157
3 80
6 147
3 44
8 610
2 66
2 86
3 219
2 353
3 253
3 180
5 203
102 1014
6 321
1 478
5 107
3 53
3 101
7 214
4 196
2 42
5 210
3 78
2 69
1 87
3 205
1 105
4 150
2 93
2 84
10 346
4 84
2 85
292 20536
3 135
1 42
10 351
2 61
4 181
1 31
2 132
2 55
2 117
2 84
3 290
6 294
1 46
1 46
2 52
1 97
2 101
1 40
3 92
2 91
1 78
2 689
1 36
4 100
3 89
3 65
2 148
1 53
63 1998
6 218
52 608
2 90
3 109
3 162
4 193
1 146
1 74
6 543
1 524
2 92
1 102
6 137
2 84
12 591
2 343
1 38
1 46
4 242
5 152
4 581
4 875
46 1783
4 252
3 134
1 793
1 45
2 232
1 69
1 112
3 480
3 218
3 377
1 120
7 421
34 673
3 233
4 286
41 1417
4 257
4 77
2 73
1 67
2 60
2 103
2 208
2 107
4 79
68 5714
1 81
1 48
1 104
2 62
2 94
5 109
1 40
1 101
1 70
1 95
3 95
8 441
2 541
5 96
7 1440
0 281
2 107
2 124
6 128
2 64
1 97
1 110
3 213
4 116
1 85
2 75
5 225
4 73
7 358
2 373
6 213
5 165
1 52
3 630
2 239
1 213
3 86
3 134
1 62
2 473
1 87
4 143
2 154
1 63
20 2387
64 1404
2 189
2 50
4 5834
8 2046
1 82
3 137
1 189
4 293
1 108
2 65
2 152
4 130
17 1160
1 65
1 57
2 47
2 230
5 432
1 60
2 55
4 98
10 133
4 67
2 97
2 57
2 172
5 99
3 427
1 105
1 83
1 75
3 153
2 169
3 77
2 282
4 174
1 34
1 141
1 37
8 1189
3 53
2 66
1 35
4 61
3 252
3 124
2 45
1 64
3 685
1 172
3 241
1 74
1 90
3 350
2 165
2 138
3 72
2 58
5 206
3 125
6 222
1 91
1 37
2 36
4 59
2 81
1 28
1 51
4 306
3 168
1 128
3 211
1 114
3 84
2 56
2 49
2 120
1 70
4 294
6 127
3 158
2 40
3 143
6 89
5 216
3 244
2 203
4 229
2 132
32 4245
5 571
4 227
22 859
2 121
3 111
5 228
1 118
3 95
1 95
4 141
2 64
3 79
9 610
2 63
1 47
12 669
1 49
3 134
2 281
3 103
3 54
1 53
1 73
3 118
2 86
2 96
7 101
6 132
3 245
2 586
1 84
1 69
4 929
2 96
1 177
3 27
3 264
3 266
4 110
4 75
4 92
70 573
5 179
2 110
8 157
4 269
6 188
3 185
2 157
3 77
4 129
5 234
1 37
1 87
3 212
3 64
1 75
4 285
5 271
8 197
1 131
1 155
2 100
10 602
2 51
6 200
2 75
3 97
3 112
5 184
2 134
2 157
5 110
4 77
3 169
3 320
1 108
2 41
4 97
2 291
2 87
3 106
2 97
1 43
5 196
2 136
2 56
22 668
1 177
1 78
2 167
3 153
3 95
2 75
2 121
4 67
2 174
3 63
2 114
1 70
1 50
1 26
6 905
1 86
1 55
4 185
2 192
2 89
4 90
3 134
2 176
2 62
1 92
25 6950
3 145
4 153
37 2393
19 649
2 234
2 132
6 324
1 171
1 156
2 58
2 163
1 32
3 50
1 62
2 6333
3 101
2 36
1 68
2 64
3 120
2 227
2 49
4 143
5 139
2 95
2 75
1 113
12 253
2 52
2 242
1 106
2 110
1 70
2 81
2 107
1 41
1 32
3 96
1 89
3 108
4 118
3 79
1 47
2 71
3 110
4 66
2 116
6 217
2 83
4 141
5 183
3 215
6 206
7 371
2 70
6 181
2 67
1 65
3 78
1 140
2 85
2 239
7 163
1 159
2 114
3 97
2 81
6 250
4 192
2 145
3 87
4 295
1 176
1 107
1 151
2 144
1 57
9 1233
3 267
2 35
3 148
2 71
4 127
3 92
2 53
2 91
13 658
5 145
3 117
5 148
39 780
2 250
6 297
1 87
7 142
8 279
2 124
23 1547
2 78
1 75
2 147
70 1238
2 126
2 247
8 163
23 419
9 711
26 551
8 379
14 115
26 379
6 281
12 574
24 277
26 217
15 1251
13 261
5 151
3 47
1 50
2 150
2 107
3 103
3 42
5 164
8 215
2 147
2 295
4 94
5 114
2 62
2 112
10 399
2 85
1 73
1 77
4 527
4 138
2 90
3 96
5 250
6 440
3 621
1 65
6 131
1 217
1 195
2 107
3 351
10 95
3 201
3 200
2 148
1 68
2 51
5 163
4 72
2 77
4 99
3 67
1 35
1 147
2 114
3 214
2 209
1 104
6 170
1 69
1 46
5 1019
1 44
3 115
1 61
4 94
6 174
3 77
2 140
1 45
1 55
3 69
3 152
2 97
2 196
6 1312
1 51
3 189
4 802
3 84
7 255
3 205
2 232
11 799
1 107
1 34
1 105
1 54
8 547
2 126
1 97
5 94
1 54
8 413
1 499
2 129
3 144
5 75
2 183
3 361
3 99
3 142
3 149
1 45
2 63
4 76
2 184
4 162
1 89
4 78
3 223
1 77
1 71
5 289
10 458
4 96
4 104
1 51
1 60
1 129
2 184
2 71
4 143
2 132
1 78
2 75
2 203
2 163
2 174
2 225
3 144
7 334
4 112
2 171
2 124
5 308
3 132
4 183
2 53
2 120
1 49
3 197
1 44
4 160
14 111
7 758
13 52
5 68
8 79
4 105
8 91
1 41
2 48
2 177
1 58
1 94
3 119
2 80
2 74
3 162
4 93
2 51
1 64
2 91
2 821
6 219
4 59
1 80
2 52
3 137
4 87
2 62
3 754
2 94
0 43
9 503
3 164
4 126
2 46
2 29
5 143
2 68
20 245
7 117
8 408
3 490
6 180
19 814
2 76
2 137
3 91
1 81
1 92
4 65
5 142
0 86
2 79
25 1207
3 73
2 239
1 49
2 71
3 179
1 47
4 41
5 502
1 223
6 216
3 557
4 167
3 67
1 75
1 43
1 74
2 105
9 245
2 70
2 65
3 249
1 90
2 93
3 217
3 153
1 37
8 402
6 109
2 60
6 363
3 346
1 52
4 351
4 224
8 127
5 130
3 84
2 69
7 152
1 77
1 46
5 379
1 71
1 39
1 35
3 103
3 251
5 526
4 84
3 81
1 69
3 169
4 207
3 112
3 53
4 160
4 120
2 69
2 101
6 147
20 789
1 168
4 62
1 79
3 110
1 168
2 98
2 208
1 77
2 176
3 262
1 88
3 271
7 337
3 91
2 72
2 54
1 96
1 59
4 269
4 79
4 124
1 76
1 34
5 598
2 59
3 146
6 163
3 215
2 165
2 62
2 70
1 55
1 101
2 92
32 1217
1 109
1 89
5 174
25 1680
2 146
9 324
7 163
2 116
3 69
2 144
2 74
2 24
1 187
2 48
1 78
3 65
3 143
2 103
3 112
2 137
6 225
4 109
1 39
5 274
1 73
2 60
4 182
2 147
1 55
5 168
3 163
1 73
1 72
11 1159
2 56
2 32
3 77
2 56
1 93
2 45
7 222
5 93
5 237
2 56
1 64
1 100
2 106
4 89
3 284
5 113
2 51
3 151
7 119
5 318
8 1438
2 50
4 215
2 77
4 490
1 51
3 117
1 36
4 255
4 105
2 55
3 140
4 207
2 121
1 29
7 328
2 75
10 3254
4 397
8 203
3 92
1 115
2 40
3 191
2 68
7 590
3 52
4 153
4 186
2 101
2 51
4 130
3 75
3 165
4 180
3 95
3 63
2 79
2 270
4 70
2 67
1 47
1 49
2 77
4 144
4 54
1 58
1 45
15 47
1 68
1 88
3 111
3 273
2 111
5 316
4 240
4 208
2 80
3 97
6 116
4 101
4 279
4 83
4 214
2 82
4 79
1 178
6 110
11 403
2 114
3 112
1 39
1 191
1 59
1 56
1 69
2 62
2 77
2 55
3 194
2 89
2 73
1 114
2 54
3 81
7 335
2 70
4 61
3 118
4 138
5 128
3 120
1 68
5 69
3 90
3 126
4 234
3 90
1 82
3 127
12 1010
4 880
1 60
1 49
3 113
3 122
2 105
5 126
2 161
2 52
5 217
9 171
6 237
2 69
1 145
3 84
2 70
3 154
3 103
3 74
2 91
3 77
4 154
5 372
2 354
2 96
3 66
2 29
10 187
24 217
3 169
2 76
4 178
2 53
2 120
2 49
2 78
2 249
1 137
3 156
5 188
6 137
3 77
2 70
4 69
2 121
3 138
1 74
9 272
5 102
2 170
7 90
3 223
4 84
2 88
5 271
5 277
1 62
3 176
4 201
4 92
12 265
1 77
0 188
1 204
1 111
1 36
4 278
6 269
3 43
2 22
2 86
3 110
2 233
3 326
5 114
11 2899
8 1554
2 86
5 149
4 136
1 60
1 69
7 170
1 102
2 173
8 222
3 104
2 56
3 175
2 170
2 42
2 34
4 85
3 86
2 157
4 94
4 106
11 206
10 383
6 74
9 36
7 472
5 69
11 105
8 213
13 117
20 372
2 67
9 240
6 122
10 200
2 98
5 122
5 132
4 117
3 87
3 49
3 144
5 129
3 78
6 285
7 265
2 113
3 260
4 260
8 311
4 65
4 346
6 174
6 352
1 44
2 154
2 118
2 64
3 256
2 74
3 87
5 173
5 770
1 1464
3 132
9 260
9 167
3 188
3 47
1 49
3 77
15 143
57 1743
34 777
12 581
11 60
13 123
25 185
18 369
29 274
2 35
2 98
7 477
4 248
4 298
2 30
2 50
10 380
2 76
3 80
2 82
3 76
3 61
4 62
1 19
5 110
2 227
1 19
2 66
7 235
3 114
4 63
3 62
1 37
3 39
2 153
1 79
4 27
2 61
2 156
2 176
4 93
14 102
1 332
3 107
1 28
1 61
2 198
1 38
1 72
2 105
1 142
2 75
1 66
7 373
2 24
4 90
5 254
1 23
1 51
5 166
3 151
1 95
1 66
1 142
1 70
3 84
6 367
1 98
4 611
3 251
3 155
2 147
3 183
3 130
1 36
1 60
1 174
1 81
3 83
3 127
2 44
1 133
3 209
4 115
2 390
4 83
1 41
5 363
3 43
11 722
3 180
4 114
2 582
7 361
2 98
2 95
2 127
2 53
2 122
1 25
2 60
3 109
6 108
2 48
2 71
22 1804
2 74
1 106
2 46
2 71
1 35
2 73
2 152
4 291
5 75
1 72
3 93
3 70
6 175
2 103
3 55
3 103
4 136
5 269
2 127
2 34
8 241
9 224
1 147
2 68
5 165
6 111
1 56
11 58
9 29
6 73
10 53
2 88
10 64
7 66
8 426
3 260
15 58
2 106
7 2778
2 212
4 93
7 137
7 206
3 92
3 47
3 54
2 67
2 22
3 70
4 282
2 54
1 81
5 103
3 185
1 41
1 48
1 85
4 178
3 43
2 68
4 125
17 124
6 200
2 63
2 193
2 116
6 240
1 70
24 4778
3 62
2 118
1 29
1 49
1 157
4 78
1 101
1 68
2 116
7 215
4 370
1 64
4 122
10 462
6 123
1 49
4 156
1 67
1 772
13 52
13 87
30 136
19 64
3 815
6 236
8 63
18 1583
2 160
6 409
14 57
5 165
4 153
2 40
2 159
5 217
2 44
5 260
3 159
1 34
1 20
3 525
3 59
2 202
6 41
10 481
1 79
4 84
8 239
2 145
1 50
5 211
3 48
12 692
2 118
4 66
2 142
2 39
6 222
5 84
4 141
5 45
3 58
1 16
8 146
2 113
2 109
3 67
4 201
1 42
2 49
3 24
4 86
3 111
2 77
7 142
1 32
1 49
22 469
13 54
11 141
15 140
6 296
10 1777
16 707
9 190
2 153
12 886
8 180
1 57
3 152
3 232
2 87
2 175
2 265
3 102
3 53
2 78
2 97
4 124
2 163
6 2244
3 122
5 284
3 137
1 46
2 52
4 468
3 182
3 123
2 53
2 101
9 361
2 292
2 155
3 203
3 68
2 94
1 30
5 208
8 145
1 56
2 62
1 395
2 133
3 141
14 204
25 121
8 68
2 64
24 328
10 572
1 754
3 138
14 436
2 60
2 103
1 73
3 58
3 248
2 335
1 188
3 149
3 162
4 233
3 201
2 138
6 171
2 40
1 90
1 242
6 158
3 70
2 61
10 236
2 77
1 44
4 331
4 71
3 168
1 33
2 139
24 3363
5 46
3 90
3 110
2 87
2 59
1 115
3 107
1 36
4 115
2 140
5 108
6 459
2 54
10 353
3 61
2 58
4 113
8 273
2 66
2 234
2 74
1 75
1 201
1 132
2 1178
6 113
7 89
4 129
5 112
10 101
9 152
15 283
1 100
1 101
7 207
4 106
4 259
3 32
5 119
11 285
2 157
1 40
3 86
4 623
1 81
1 53
7 122
10 62
4 75
12 59
11 60
2 23
2 27
5 31
1 44
1 338
1 140
2 474
4 315
5 242
1 51
1 82
1 60
1 81
1 62
2 81
6 715
2 137
2 169
3 72
3 90
2 242
3 131
2 75
3 89
1 76
5 123
2 65
8 263
9 350
4 135
2 35
5 358
8 43
6 33
5 38
4 256
2 207
4 1128
5 184
27 355
8 75
5 25
4 112
2 31
3 130
1 197
2 120
3 111
2 99
1 120
4 71
3 107
1 123
6 97
1 89
2 82
2 93
1 33
1 94
1 143
10 961
5 219
1 278
3 63
3 146
2 41
1 65
4 77
3 80
1 58
1 36
1 56
2 56
4 70
1 147
6 96
5 162
2 270
6 114
3 77
1 35
3 72
13 183
4 137
13 122
3 104
13 81
9 127
3 115
3 74
6 100
5 136
1 61
3 96
5 126
2 69
2 242
2 81
2 129
1 45
6 96
2 155
4 141
1 149
2 49
3 78
3 111
2 138
7 102
6 158
2 45
4 178
2 123
2 306
1 41
2 116
6 369
1 64
4 85
4 184
5 117
2 35
3 348
4 71
5 69
4 535
5 82
3 128
4 123
11 916
6 83
6 461
20 187
1 74
17 142
8 45
7 36
9 206
13 181
4 98
38 7632
1 70
1 134
6 305
2 125
0 95
1 129
2 96
3 85
2 162
2 69
3 89
4 270
1 48
3 287
6 410
2 120
2 67
2 69
15 154
1 74
1 92
1 45
3 120
3 209
2 106
2 328
1 40
6 109
6 110
3 74
1 58
5 163
4 80
6 314
1 19
1 58
6 363
9 219
3 63
2 52
1 103
8 44
1 31
2 54
2 44
5 511
8 27
2 259
5 1287
2 68
1 510
1 60
2 196
6 156
4 75
1 55
1 201
6 457
4 78
4 138
1 76
2 89
3 91
2 54
6 293
7 615
3 62
2 113
1 183
3 91
1 166
4 225
4 157
4 224
4 94
7 171
10 209
6 390
7 498
5 125
4 58
9 123
2 56
7 25
1 54
4 55
9 116
10 283
6 234
8 64
4 8
3 81
11 183
4 24
1 47
3 17
2 46
4 99
5 138
4 149
4 296
2 246
3 169
7 204
3 155
2 93
2 98
2 83
7 208
2 83
2 119
1 129
3 169
4 80
1 47
4 176
3 101
2 85
1 43
3 91
14 258
3 130
13 632
2 139
4 116
1 48
5 116
3 96
8 174
3 192
5 281
3 185
3 117
4 1962
4 137
1 33
1 111
14 241
1 20
4 20
6 75
6 40
5 27
2 30
6 28
3 51
2 91
6 167
1 54
3 88
1 200
11 1141
3 166
5 215
1 35
18 8903
2 71
3 162
11 299
1 32
3 87
2 51
5 59
8 315
3 56
46 845
3 83
2 107
13 216
4 116
10 190
14 149
17 2116
5 100
2 75
4 113
2 90
1 52
5 449
1 58
2 70
3 167
2 125
3 91
1 84
1 39
1 40
1 56
3 256
1 137
1 227
1 39
2 57
2 78
1 49
1 227
2 220
3 62
3 257
2 102
4 512
5 345
4 638
1 257
1 80
4 214
21 1422
2 59
5 192
4 195
1 84
0 78
1 43
7 287
10 452
9 764
3 68
2 111
2 78
4 155
4 174
4 72
7 168
1 52
1 78
1 54
1 10
2 131
7 244
1 76
2 267
1 38
3 331
4 299
5 282
1 102
11 1764
5 82
2 108
2 123
5 98
2 101
3 125
3 70
6 143
7 203
4 223
2 508
1 44
2 161
7 1072
1 30
3 117
1 104
2 80
5 90
4 226
2 89
2 58
1 119
3 151
6 199
1 196
1 88
3 98
2 129
8 322
3 101
2 346
2 112
5 209
4 98
5 79
7 598
1 69
4 81
4 132
14 810
1 64
3 540
3 133
2 601
4 2073
1 80
2 149
4 163
8 101
1 55
1 73
3 118
4 86
3 76
4 68
1 29
1 125
4 235
1 54
2 63
3 115
2 38
5 127
2 29
6 50
3 39
1 127
1 145
4 603
3 167
9 302
5 200
5 120
2 80
5 121
2 55
1 71
3 85
6 228
3 59
2 158
1 31
1 97
2 34
5 85
2 75
3 136
3 118
1 181
1 148
1 21
1 37
2 114
4 150
3 275
3 135
3 176
3 85
1 256
3 122
13 509
6 119
3 92
2 134
5 345
1 65
4 159
5 131
1 68
4 140
8 476
2 40
6 376
6 209
2 100
1 63
1 111
1 77
1 45
11 565
1 104
2 69
2 120
4 227
2 135
2 95
9 278
1 78
6 906
2 112
3 76
3 135
2 67
1 164
1 1716
1 45
2 73
5 215
2 179
1 59
1 81
8 344
2 260
2 103
3 90
7 280
3 259
5 363
3 82
2 51
2 188
3 120
1 159
3 156
2 87
6 194
2 76
3 260
2 75
1 262
6 166
1 58
7 15
15 80
3 174
1 96
6 42
5 66
13 88
1 1005
1 93
5 399
13 32
5 87
2 54
5 261
4 77
3 44
4 313
1 79
1 66
4 132
2 169
2 113
4 133
2 54
1 128
2 180
3 77
2 60
5 547
2 72
3 74
2 151
4 91
1 94
1 225
4 84
6 342
3 218
6 58
6 50
8 200
5 32
12 42
35 340
9 211
9 88
7 187
3 99
3 58
3 112
4 113
4 140
3 80
2 129
1 45
2 169
1 37
3 104
1 125
2 77
1 39
3 101
5 212
9 481
2 97
4 186
2 130
2 143
2 130
8 311
1 81
2 51
3 68
2 63
7 889
1 879
5 1211
1 66
9 211
12 140
4 63
4 187
1 387
3 67
6 1051
2 61
5 92
5 51
2 133
1 60
4 136
3 61
5 226
1 44
2 72
1 36
1 34
7 182
2 287
5 281
3 430
2 80
1 20
1 117
2 78
3 140
2 72
3 333
2 66
1 72
2 95
6 64
1 59
1 122
2 85
1 50
1 36
3 122
4 233
2 55
51 899
1 49
1 63
4 79
5 131
2 261
3 157
4 557
2 62
2 76
5 334
2 85
2 47
2 60
4 75
5 84
1 38
1 98
2 97
1 30
5 93
6 288
4 678
7 142
5 170
1 30
2 64
2 113
2 76
1 59
1 331
2 72
2 52
3 110
10 368
2 191
3 80
3 155
4 73
5 132
4 177
0 40
2 77
1 92
6 209
14 365
7 546
5 113
2 87
4 199
2 69
4 164
2 50
3 192
2 81
2 129
1 49
3 272
4 495
3 64
1 51
1 56
1 24
2 65
1 105
2 79
1 97
2 67
6 183
7 442
5 252
3 107
1 41
1 53
2 105
34 1200
1 104
3 66
5 469
3 116
4 119
7 810
1 95
3 221
1 58
1 108
1 108
1 136
1 35
3 133
4 111
1 113
3 65
4 93
3 61
3 74
3 89
3 121
2 73
3 323
7 285
4 144
5 105
2 170
6 255
1 60
3 375
5 174
3 48
4 151
1 38
7 279
4 114
5 292
3 84
2 136
3 98
7 251
3 181
5 112
2 93
3 132
2 239
7 119
1 91
3 90
4 62
1 51
2 83
2 144
1 38
1 57
2 34
5 98
2 55
3 155
3 52
3 69
1 87
2 174
2 95
3 164
3 82
1 65
1 115
3 119
2 71
5 354
1 67
5 205
0 61
2 104
2 107
5 266
1 67
5 234
4 376
5 203
3 104
1 66
3 269
4 96
1 28
1 105
1 102
11 575
1 32
1 27
3 43
2 43
1 65
2 48
2 63
3 121
4 104
2 51
1 68
4 192
2 77
14 642
8 309
5 180
2 135
2 30
1 79
6 169
8 866
3 221
4 109
8 796
9 196
2 119
3 54
7 433
1 105
2 144
1 110
3 247
1 117
3 108
2 109
3 85
2 69
3 53
3 70
5 169
4 151
4 140
1 137
2 59
1 60
7 199
2 63
3 134
1 276
2 53
2 112
1 56
2 73
2 40
4 326
4 78
1 107
2 98
2 66
7 159
1 53
2 199
2 67
2 118
7 209
1 42
2 182
3 98
5 354
5 333
3 158
1 77
2 181
1 102
1 270
5 555
2 132
4 78
2 39
4 105
1 46
1 23
3 230
2 273
2 123
4 154
1 51
5 103
2 117
4 103
3 104
2 60
1 70
1 218
1 80
8 284
4 386
1 104
0 92
3 118
3 134
3 139
6 92
1 122
2 36
2 74
1 72
4 149
2 625
5 746
3 80
3 206
2 69
6 96
2 34
1 201
3 63
1 52
2 82
4 575
4 74
5 118
3 157
10 240
12 3382
3 148
1 339
1 216
2 140
3 77
1 52
8 214
5 144
21 1691
8 716
5 336
1 86
2 63
5 355
3 347
7 146
5 185
2 94
4 284
5 255
4 240
3 304
3 189
5 150
1 40
1 79
2 196
7 981
4 123
22 1859
2 79
3 143
4 482
3 67
1 77
3 60
1 50
1 54
6 238
1 90
1 70
2 118
2 87
3 154
1 62
18 308
11 651
8 507
1 64
1 70
2 159
1 40
6 258
4 71
2 47
3 46
2 62
4 141
6 2044
8 181
4 151
1 40
2 37
1 45
3 52
1 84
3 213
1 188
1 89
1 58
1 63
3 99
2 62
3 116
5 141
2 214
3 169
4 226
4 123
3 71
4 50
4 108
2 62
4 95
1 39
1 56
1 38
3 132
3 76
5 137
1 467
12 766
2 70
1 87
5 86
1 60
2 100
2 213
3 164
2 79
2 78
2 138
1 42
2 80
1 49
1 52
2 89
7 675
1 61
2 38
3 193
1 22
2 92
4 134
2 147
2 79
4 99
1 195
1 150
2 99
3 135
2 67
6 137
1 94
3 89
1 216
4 100
1 79
4 151
2 82
1 80
1 82
4 178
13 3883
3 149
1 49
3 506
3 186
5 166
3 82
7 182
2 101
5 384
2 86
1 119
1 52
1 155
2 393
5 176
1 105
4 94
3 103
2 63
3 321
1 87
2 74
3 126
3 27
6 645
3 71
5 423
1 66
3 199
5 190
2 92
3 516
2 481
2 175
2 39
2 98
3 124
4 142
5 115
1 66
2 27
12 374
4 127
2 109
2 84
1 117
10 453
6 273
2 236
6 145
1 69
22 1144
2 119
1 130
2 92
2 221
3 174
4 184
3 100
4 303
3 106
4 363
1 53
2 55
2 519
1 124
1 52
1 72
1 183
1 256
4 904
2 52
1 45
1 42
0 55
4 186
1 69
3 52
3 228
1 174
2 94
7 797
2 191
3 108
13 605
1 66
1 92
0 59
1 65
1 33
1 62
4 277
2 63
3 112
3 50
2 193
1 85
1 36
3 246
0 58
1 69
1 29
4 83
2 64
3 194
3 329
1 80
4 125
3 312
3 166
2 60
1 89
3 292
3 113
13 318
2 99
2 67
2 65
4 142
1 63
1 133
2 49
4 152
9 262
2 79
5 218
3 191
1 100
3 173
4 117
2 110
4 150
1 80
1 46
3 112
8 541
2 92
3 131
4 218
3 191
3 113
3 95
6 468
2 309
5 373
2 105
4 105
1 238
1 146
1 59
2 268
1 78
4 117
4 217
9 236
1 96
3 93
4 73
2 128
6 217
2 145
1 137
1 78
1 108
2 168
1 40
2 70
2 93
2 62
1 34
6 270
1 75
1 31
2 106
2 182
1 43
2 136
2 55
1 67
1 44
10 238
5 115
9 149
1 26
1 87
2 78
1 93
2 92
1 104
1 85
2 34
2 53
2 111
1 95
1 119
2 296
1 46
1 103
2 50
1 65
1 75
2 137
4 101
1 337
1 117
3 113
9 641
2 56
4 83
1 41
3 246
3 292
4 418
2 45
1 82
1 92
6 188
7 97
4 105
3 93
1 71
2 99
3 109
1 185
5 161
1 85
3 171
4 104
4 163
2 45
5 165
1 55
1 178
3 476
1 102
1 66
4 140
2 79
4 157
1 86
1 124
1 27
2 52
3 74
2 44
0 136
1 54
2 71
3 278
1 61
2 105
1 30
1 52
1 98
8 210
2 87
2 140
3 57
2 79
2 132
3 117
1 63
4 396
7 432
1 65
9 393
2 81
2 91
8 185
5 60
3 74
19 565
3 146
4 61
1 69
5 289
1 131
4 92
8 288
3 325
2 73
1 54
4 80
1 30
7 117
1 163
3 68
1 27
2 73
14 1276
7 345
2 74
4 174
1 64
1 42
1 54
1 98
3 301
3 85
8 294
1 86
3 158
1 33
3 59
4 148
4 64
1 43
2 128
1 48
6 223
20 349
2 99
2 66
3 75
1 44
4 150
2 40
5 152
8 346
3 135
2 172
1 41
4 442
2 177
2 1215
3 60
3 69
5 166
2 67
1 39
3 96
7 143
2 434
2 49
5 247
7 215
1 51
1 99
1 41
2 108
1 76
5 245
2 90
2 64
1 84
3 111
3 131
4 88
1 82
6 117
2 285
2 44
5 161
3 78
11 769
5 136
2 41
1 73
2 72
1 65
6 215
5 319
2 358
3 107
3 186
5 158
2 93
5 172
2 34
1 151
1 46
5 200
1 59
3 113
3 617
2 217
1 41
2 82
1 56
2 53
4 117
3 118
3 72
2 90
3 172
1 149
2 56
2 107
1 55
3 30
5 89
11 306
8 199
3 138
1 170
1 45
4 114
2 62
2 49
4 80
3 55
1 99
7 647
4 119
2 138
4 354
4 371
3 98
1 39
3 56
2 80
10 154
1 168
1 101
2 41
2 208
1 87
25 731
3 102
2 260
3 160
3 147
1 68
2 78
2 85
1 49
1 88
3 55
36 1169
1 44
22 518
1 67
2 135
1 89
2 152
4 315
2 116
2 219
1 54
2 207
2 47
2 52
3 63
6 140
3 188
3 125
5 243
1 195
3 115
9 188
3 194
2 48
1 95
5 204
2 47
2 35
1 32
6 301
4 104
2 70
4 203
1 115
1 99
8 528
8 657
11 263
2 91
1 60
2 72
1 173
2 43
5 158
1 86
2 71
1 43
3 67
1 67
1 48
10 1261
5 181
6 308
2 89
4 185
1 41
2 78
5 141
1 41
4 210
2 54
1 47
1 36
1 30
5 137
5 104
3 153
6 233
3 93
3 99
5 241
3 136
0 22
1 106
2 43
31 8240
6 365
5 138
19 1168
3 86
3 134
1 80
4 70
2 78
3 75
2 57
2 197
2 161
6 658
1 58
1 38
3 163
3 177
8 407
3 101
3 193
2 106
1 129
1 52
1 58
1 57
6 337
2 349
1 153
1 34
1 12
1 75
2 80
0 27
2 40
1 91
6 361
1 154
0 37
3 62
1 69
4 183
3 102
2 81
4 73
4 139
2 99
1 57
17 755
2 59
3 113
7 100
1 56
1 230
2 79
1 55
2 81
1 23
2 1226
4 193
5 149
1 142
2 47
1 99
2 104
10 240
1 43
1 60
7 291
2 125
1 57
0 85
2 115
1 50
2 92
1 54
1 77
1 36
1 376
1 52
1 170
2 189
1 61
2 165
2 296
1 212
1 59
2 157
3 335
1 18
3 122
1 42
2 103
1 68
1 44
2 148
2 140
2 86
1 83
1 53
3 123
3 102
3 187
2 114
2 154
9 358
3 91
3 151
1 42
27 1463
2 63
1 64
4 191
1 33
1 85
5 103
2 105
1 52
1 36
2 209
2 42
1 35
14 279
2 108
3 76
4 329
2 114
1 58
1 73
3 127
11 364
4 136
3 85
2 64
6 197
2 53
2 101
5 229
1 139
5 217
2 100
3 268
2 71
2 178
1 73
2 118
6 303
1 146
2 171
1 16
5 130
1 51
2 66
2 98
1 40
3 276
3 138
1 51
3 185
2 70
1 147
2 96
2 271
5 138
1 61
2 76
1 200
2 89
3 108
1 93
2 72
1 50
3 568
2 66
1 54
4 119
5 306
2 40
1 94
6 441
8 175
2 100
1 59
3 85
1 63
2 61
8 418
1 78
5 463
3 186
3 79
1 171
2 95
2 186
4 159
1 47
1 70
1 56
1 63
8 218
4 261
1 25
1 19
1 114
2 105
3 45
0 714
2 35
1 43
2 95
3 84
1 76
2 58
2 154
2 84
2 285
1 40
3 110
8 247
18 669
3 130
5 75
1 63
2 80
5 123
4 1094
2 67
1 102
4 33
1 29
0 47
6 230
1 76
5 560
5 164
5 225
2 68
3 104
1 92
1 23
1 89
2 57
1 30
6 91
4 40
12 69
7 46
3 98
5 35
2 46
4 247
10 173
2 58
2 144
1 72
2 157
9 297
2 38
2 93
2 37
1 72
1 44
6 821
2 160
4 337
1 73
2 61
1 88
1 126
2 57
4 196
2 121
1 74
2 53
1 73
4 278
1 101
4 112
2 120
4 233
2 214
1 63
3 136
2 136
2 66
2 145
3 94
6 283
1 90
2 91
2 58
1 47
3 202
2 54
3 114
1 88
2 141
9 455
5 174
9 116
9 71
4 297
2 186
2 88
1 63
1 81
0 293
3 191
3 265
3 135
2 45
0 58
1 54
2 247
5 82
1 34
1 44
5 33344
2 80
4 100
1 124
2 257
10 5340
3 183
8 304
3 113
3 50
2 73
3 54
6 275
1 152
7 441
3 111
1 92
2 166
2 112
2 165
6 556
4 130
7 193
3 135
3 432
2 74
2 68
1 61
2 117
1 93
1 113
2 113
2 115
4 219
3 189
1 80
3 94
1 135
4 154
3 91
2 71
1 82
4 156
2 156
2 40
7 171
2 48
4 149
1 84
4 97
1 39
4 275
2 157
34 2110
1 51
1 77
1 97
5 266
1 146
3 202
1 106
4 174
1 154
1 122
3 63
2 79
5 267
3 175
3 190
3 109
3 272
3 184
1 49
4 154
6 529
2 104
1 49
4 80
1 54
2 99
2 277
3 127
7 268
1 31
4 189
1 128
4 136
3 163
2 87
1 134
4 90
2 111
2 170
1 120
1 120
3 184
1 374
2 38
1 64
1 55
1 42
1 178
1 91
1 84
4 132
2 83
1 36
5 211
1 62
2 51
8 104
1 29
7 208
1 47
1 63
1 34
1 69
2 61
1 82
2 80
2 76
4 136
13 283
1 147
5 372
1 46
6 138
1 176
2 275
3 340
2 67
1 47
1 93
1 41
1 106
3 260
2 216
1 78
3 145
1 78
2 207
1 184
3 169
3 166
1 63
1 135
4 238
1 92
3 137
1 46
1 98
1 54
4 129
4 140
1 47
1 51
2 143
0 58
3 83
4 150
1 92
2 66
1 110
2 45
1 38
2 104
1 125
1 235
1 39
3 98
2 78
2 63
1 117
1 45
1 185
1 80
1 84
2 204
1 62
0 69
1 47
1 57
1 94
1 81
2 67
3 846
2 126
2 112
4 205
1 77
6 366
2 84
3 116
2 146
1 72
1 140
2 133
1 50
2 129
1 76
2 62
2 72
12 568
4 65
1 38
1 82
1 37
4 263
1 70
5 183
1 64
1 40
4 247
1 59
1 77
1 53
5 138
1 43
7 169
1 75
2 51
1 84
2 45
3 93
4 138
1 31
2 43
1 54
2 72
2 48
7 287
1 82
2 69
9 202
2 112
5 106
1 72
1 51
1 91
2 148
3 55
11 472
5 141
1 37
1 35
1 30
1 50
1 52
5 266
2 63
5 333
2 178
1 66
2 126
6 206
4 294
1 42
1 175
1 74
1 72
1 45
2 79
2 87
1 75
1 63
2 390
3 132
3 143
3 61
3 156
6 242
2 112
2 117
3 116
0 58
3 111
4 93
1 119
4 251
1 231
2 105
1 66
1 75
3 70
1 96
1 139
5 345
3 202
9 325
1 32
3 167
1 99
3 152
3 95
5 134
1 48
6 358
5 45
1 66
3 218
1 82
3 188
3 113
15 758
6 370
3 121
2 86
1 85
3 49
2 100
3 53
6 104
1 66
1 50
1 119
4 130
9 688
1 31
1 54
1 65
4 82
2 69
3 77
3 64
1 38
1 38
5 262
3 406
4 236
4 238
1 58
2 65
4 333
1 112
1 89
1 41
2 76
2 89
9 1714
2 76
7 940
4 88
2 87
2 82
1 31
2 145
4 121
2 158
1 74
3 143
2 108
1 59
4 120
1 44
4 166
3 1827
2 164
1 72
1 65
1 55
2 48
2 168
2 132
1 111
1 46
1 42
2 59
2 87
6 170
1 28
1 92
1 166
1 47
2 63
6 276
3 91
2 73
3 52
1 36
1 80
3 135
2 194
1 41
5 72
2 73
1 101
3 98
1 25
2 230
2 144
3 35
18 1646
2 221
9 601
2 64
1 36
3 122
1 66
1 49
1 93
3 442
1 166
8 375
4 160
5 856
3 292
1 87
1 50
1 100
2 324
3 78
4 119
1 114
1 81
4 121
1 142
1 46
2 88
1 51
5 76
1 192
1 53
1 61
2 60
1 164
6 75
1 89
2 124
1 69
1 61
2 327
1 110
2 90
1 61
2 104
21 401
10 158
9 202
5 252
1 275
2 219
1 58
2 38
1 63
2 59
1 70
5 159
4 202
1 109
2 102
1 92
2 71
1 54
1 99
2 83
2 35
7 629
1 34
4 151
2 160
2 85
1 76
1 90
1 84
2 134
1 77
2 30
1 103
5 186
2 193
1 43
2 129
2 82
2 119
1 141
2 195
3 339
2 96
1 44
1 107
1 132
1 72
3 82
1 78
2 95
1 48
2 88
1 150
3 78
30 431
1 33
2 45
1 99
3 160
1 61
1 97
5 101
1 61
4 85
2 301
2 87
12 580
1 88
6 177
1 51
2 129
2 46
2 52
3 91
1 69
6 241
2 74
2 72
6 327
1 132
2 83
7 250
1 41
2 76
11 2735
1 28
3 507
2 66
7 126
4 337
3 70
2 42
1 69
1 41
2 249
3 201
2 54
3 47
1 35
2 200
1 95
1 30
1 54
2 83
5 323
2 63
7 202
1 38
1 74
11 247
1 220
2 80
4 76
8 1285
3 71
1 38
3 117
3 97
5 141
3 223
8 519
3 108
1 73
1 100
1 81
2 71
4 88
1 35
1 69
6 377
2 81
1 34
10 280
1 60
7 117
5 1911
1 85
6 394
1 33
4 123
2 171
8 411
1 48
3 158
1 46
1 76
1 78
1 51
3 99
4 86
2 86
6 273
1 107
1 58
1 122
1 122
10 448
3 132
1 151
1 143
2 66
5 213
3 74
1 148
1 42
1 137
1 172
2 119
2 53
1 195
2 52
3 151
1 51
1 63
2 60
2 87
5 103
1 75
3 177
4 142
2 54
2 60
8 226
1 63
1 128
1 110
2 50
2 121
2 70
1 77
1 73
3 84
1 69
3 441
7 178
3 107
1 81
2 66
2 145
3 105
3 86
1 111
1 57
2 58
2 110
3 155
6 115
2 63
1 26
2 64
7 187
2 112
3 188
2 97
1 72
10 445
1 47
1 39
5 230
3 59
1 86
2 135
1 58
1 61
1 116
1 67
1 91
2 80
4 113
1 28
3 115
4 209
1 65
2 83
2 97
3 126
2 73
1 67
6 672
3 69
4 72
2 103
7 323
0 51
1 60
4 405
8 1341
1 31
1 73
1 54
1 170
1 75
3 96
1 73
5 181
6 140
8 273
4 114
6 132
4 79
1 35
4 143
6 290
1 54
2 84
1 110
4 91
1 56
2 86
3 102
4 197
1 79
2 82
1 73
90 26601
9 219
3 43
5 159
5 147
1 57
1 126
4 388
2 83
2 70
1 60
3 81
3 82
2 170
6 151
3 242
4 402
1 22
6 330
2 267
2 59
2 33
2 110
1 41
1 34
3 137
2 78
1 65
4 73
1 104
2 61
1 214
8 775
1 51
3 197
2 73
3 3095
2 105
1 93
2 114
4 248
2 134
3 177
2 93
2 77
2 54
2 85
1 251
1 67
1 51
1 102
3 220
3 146
1 72
4 120
2 297
2 130
1 79
12 252
4 107
1 70
4 64
3 87
1 84
1 66
3 78
4 233
2 365
12 316
3 176
2 135
2 61
1 99
2 232
9 271
3 144
1 32
3 93
1 25
9 523
1 37
9 712
2 94
4 88
3 64
1 70
6 239
2 51
2 71
1 53
1 91
2 79
1 48
6 262
2 194
2 282
1 54
1 40
4 92
5 249
3 76
2 126
2 191
2 32
2 66
0 56
4 156
4 149
1 84
2 64
1 328
1 23
2 39
2 43
2 142
3 125
3 52
2 114
3 279
2 57
3 101
1 40
8 1346
21 350
1 129
1 106
1 59
1 91
2 85
1 96
5 172
1 36
1 156
2 83
2 115
1 76
7 225
1 61
2 157
4 564
1 100
3 161
3 100
6 237
2 52
5 116
5 151
2 263
1 39
2 181
1 107
2 95
1 42
4 198
5 130
1 165
1 55
7 473
2 293
1 88
6 301
2 94
3 240
3 146
1 26
2 147
1 98
1 65
1 193
7 230
6 174
11 77
7 563
2 282
3 128
2 114
1 119
1 36
3 208
3 185
3 156
1 54
2 92
3 168
3 46
2 82
2 117
1 62
2 80
2 96
7 289
2 112
1 56
2 54
7 177
4 107
1 69
1 202
4 199
2 47
2 73
1 98
9 664
2 69
3 295
1 125
1 224
1 88
4 176
3 456
1 26
4 219
2 58
7 193
2 43
4 132
3 59
2 81
1 96
2 71
2 67
1 59
2 57
2 119
2 78
2 152
1 91
1 101
2 21
2 32
2 76
17 959
3 102
2 72
3 1805
3 91
3 83
2 125
7 119
2 79
1 236
2 172
3 283
3 190
2 57
2 257
2 73
3 121
3 86
2 111
1 139
3 190
1 145
4 306
2 269
3 105
5 269
2 76
4 361
8 281
2 39
3 107
2 161
1 46
1 63
1 21
2 180
3 82
2 127
1 69
6 275
14 1448
1 34
2 85
1 31
3 66
4 107
1 72
1 95
1 196
2 62
1 53
1 55
2 86
1 142
2 346
2 137
4 103
8 309
5 142
2 82
1 183
1 58
16 247
1 291
2 131
11 1180
1 27
2 57
1 102
1 44
3 151
2 186
2 62
1 29
1 66
4 239
1 93
1 62
1 47
1 57
3 185
5 70
4 133
2 187
3 179
5 133
2 346
0 63
4 214
2 71
5 94
1 93
2 42
2 122
2 57
1 95
2 33
1 90
2 101
5 227
3 189
1 64
1 142
3 153
1 134
2 92
2 65
1 54
2 173
2 115
1 40
1 87
1 236
2 143
1 87
1 32
2 71
3 104
6 193
5 248
2 170
5 179
2 47
2 61
3 166
2 83
8 359
4 152
1 133
0 63
1 54
3 116
2 74
4 175
4 80
2 71
3 216
2 126
1 30
2 105
7 496
3 98
1 74
2 120
2 85
11 380
2 80
1 31
2 36
1 38
4 86
1 40
2 53
10 517
2 284
2 25
1 64
2 53
1 54
2 73
11 250
1 87
2 69
1 59
1 147
2 99
2 80
1 56
3 67
5 367
1 40
1 46
1 42
1 28
2 136
2 190
1 136
5 143
2 84
1 55
1 236
1 66
13 564
3 92
1 136
3 94
2 276
3 409
1 138
1 82
1 58
2 70
6 246
1 75
2 78
2 137
2 77
1 61
1 69
2 58
3 111
2 418
1 77
2 62
1 44
1 66
4 310
1 99
3 174
4 117
7 56
1 137
1 79
4 157
2 89
2 196
3 207
1 177
4 197
3 83
6 261
1 41
2 100
1 58
21 216
2 102
94 1648
1 64
3 90
2 82
2 115
2 36
2 182
1 33
5 212
2 237
1 61
3 107
4 140
5 200
3 46
2 120
3 94
1 168
2 84
1 53
1 109
2 112
4 115
4 184
2 110
2 83
3 94
4 193
10 154
2 66
1 113
1 36
1 76
2 203
1 442
4 170
1 172
1 30
4 577
1 72
3 85
1 123
2 159
1 98
2 65
1 141
6 667
2 65
5 190
2 264
2 337
3 109
1 174
2 46
8 332
2 162
1 115
2 80
2 184
2 389
1 65
1 89
1 62
2 142
1 53
5 280
2 279
2 72
9 655
2 159
2 120
1 117
4 134
2 48
5 516
2 155
3 416
2 51
2 329
3 240
7 601
1 121
1 114
1 78
3 118
2 66
4 98
1 213
5 140
1 191
2 72
11 799
1 31
4 143
2 411
6 429
2 135
1 98
1 76
2 82
1 63
1 139
1 131
1 79
5 135
1 56
1 88
2 121
2 68
8 240
3 95
2 85
2 128
2 67
2 50
0 52
2 100
3 93
3 107
2 217
3 97
1 80
1 52
1 82
3 140
5 312
1 485
3 118
2 59
1 109
3 142
2 64
2 87
2 71
1 209
1 184
1 206
2 173
1 144
4 118
1 495
1 45
2 40
3 74
2 67
2 122
2 219
4 275
2 94
1 54
2 108
1 91
7 768
6 118
1 15
2 43
1 171
3 134
1 69
3 111
3 164
3 71
1 71
1 106
2 144
8 415
1 71
5 215
2 131
4 254
6 2063
2 53
1 81
1 43
8 401
5 264
1 114
2 64
2 486
1 62
1 52
3 110
3 167
2 34
3 123
10 373
1 53
1 62
1 177
2 74
1 140
2 82
9 681
6 231
1 73
2 117
4 116
2 117
5 258
1 54
2 94
2 125
2 67
2 134
1 75
1 121
4 235
16 828
2 58
2 88
1 100
1 65
1 89
1 205
3 104
3 67
4 105
1 59
1 68
2 71
2 80
4 375
1 50
2 92
3 200
1 84
3 132
1 117
3 111
2 95
10 115
1 31
1 161
1 45
2 117
1 35
2 75
4 87
5 135
2 79
4 408
1 74
12 966
1 101
1 98
2 124
4 169
1 106
7 288
2 73
5 177
2 141
1 76
4 79
8 163
2 57
3 118
1 122
2 33
3 194
1 63
1 130
2 76
2 78
14 121
1 28
1 250
1 70
1 200
2 178
3 114
1 59
7 315
5 149
4 447
1 34
3 370
2 73
1 145
1 60
2 191
1 58
1 60
8 580
5 565
3 106
2 85
6 144
3 129
2 51
1 68
6 245
2 103
2 72
1 65
3 216
7 452
3 69
1 68
38 4493
1 47
4 212
2 87
1 66
2 131
2 58
4 423
2 61
1 54
3 174
1 84
1 89
4 152
5 72
6 143
2 44
1 48
2 216
1 51
1 242
2 269
22 1340
5 195
4 151
2 81
6 142
2 139
7 104
2 43
2 115
2 139
2 98
4 117
5 119
3 65
1 165
9 207
3 199
2 38
4 403
2 58
3 68
2 51
1 79
7 343
1 41
1 35
3 87
2 122
1 166
1 48
2 139
3 121
1 46
3 122
3 156
1 75
2 53
1 136
2 141
2 334
2 91
1 86
3 65
5 282
1 61
1 90
3 313
3 115
3 177
3 95
3 85
4 110
7 187
2 163
1 59
4 115
2 138
3 342
1 72
2 325
1 62
3 205
1 64
1 29
1 46
6 541
3 110
2 58
3 141
2 143
1 106
4 122
3 156
4 83
1 33
2 76
2 110
4 65
4 184
1 114
5 126
5 190
4 82
2 40
3 439
4 312
1 65
4 172
3 78
0 39
4 202
1 71
1 72
2 137
4 173
6 207
3 90
2 56
1 83
7 275
1 47
1 77
2 45
6 107
2 100
1 182
2 69
6 130
6 198
1 61
3 95
19 642
1 78
1 198
2 96
1 38
1 39
3 123
2 51
11 156
1 51
1 39
4 96
2 94
1 148
1 47
6 348
1 80
4 70
7 283
4 365
4 167
2 49
1 48
1 71
3 85
1 66
5 222
2 49
1 57
6 144
1 98
1 85
2 100
1 59
3 73
3 42
1 26
5 31
3 78
3 130
5 162
3 81
1 28
4 62
1 37
2 54
1 59
2 351
2 55
1 1130
5 316
1 53
1 39
4 176
1 61
1 70
38 3323
4 349
1 52
2 79
1 169
4 127
1 38
3 254
2 114
1 70
2 60
2 90
6 69
3 47
3 54
3 149
3 260
2 616
2 103
2 75
1 55
3 114
1 82
1 41
1 66
1 69
3 56
1 65
1 47
1 73
3 55
3 119
4 110
3 217
2 38
1 94
5 460
2 297
2 90
3 116
2 38
2 47
1 66
2 272
3 196
2 74
1 117
1 69
8 279
3 84
3 79
4 97
1 79
2 133
2 140
2 54
3 71
2 174
1 60
6 156
1 247
5 229
3 124
4 198
2 478
3 152
1 71
2 131
6 144
3 115
3 102
1 70
2 94
3 136
1 96
4 217
1 136
1 308
10 107
4 92
10 299
4 147
2 54
3 187
5 230
1 93
2 237
15 646
1 73
1 41
4 306
2 54
5 622
4 84
1 84
1 141
1 74
1 204
1 98
1 31
1 46
2 114
4 94
2 147
4 149
2 85
1 70
1 251
1 58
2 73
2 65
1 54
2 129
2 69
2 49
5 135
3 162
1 88
7 421
2 48
1 120
3 89
5 108
3 296
1 92
5 69
6 111
2 108
6 3099
1 182
1 145
2 133
2 51
1 48
3 121
1 59
3 84
3 117
5 109
3 61
2 80
41 28372
3 69
3 92
3 189
1 68
5 234
3 85
2 166
2 229
2 195
3 108
2 142
4 99
3 59
2 96
2 35
1 48
2 108
2 53
2 59
2 65
1 56
2 189
1 60
2 74
3 195
5 218
3 179
1 73
1 52
3 161
2 53
2 62
8 777
5 90
2 90
1 27
1 67
18 2145
3 218
3 85
4 138
1 54
9 474
1 86
2 88
2 56
2 67
2 30
4 34
2 130
4 64
2 173
8 561
3 75
4 109
1 57
2 77
1 38
3 65
4 50
3 129
3 359
2 105
5 58
9 49
6 65
16 82
11 113
1 104
2 199
1 48
1 382
4 263
6 141
4 51
3 112
2 550
2 114
2 101
7 97
1 73
1 48
2 44
2 69
1 38
2 32
5 264
2 53
3 176
31 1236
4 135
2 83
3 63
3 84
2 90
1 78
1 86
2 88
2 59
2 98
2 102
2 65
3 270
3 127
4 84
2 139
3 87
1 46
1 61
1 64
1 34
3 122
2 123
2 126
5 198
1 141
2 61
5 108
4 148
5 112
3 111
5 320
3 105
6 226
2 91
5 149
2 99
4 136
2 44
6 482
2 95
3 101
3 305
2 43
1 66
2 59
3 253
9 483
1 126
8 222
1 44
11 674
1 78
1 38
2 149
3 154
1 81
1 51
2 35
2 101
1 68
6 162
1 161
1 71
4 140
5 174
6 191
3 149
1 41
1 27
2 48
1 54
4 229
3 119
2 63
1 163
1 32
5 81
2 165
1 50
0 57
1 106
6 162
3 130
2 260
1 46
2 151
2 166
1 59
1 78
1 79
3 315
3 63
1 108
3 100
3 148
3 71
6 275
2 159
1 58
1 67
6 186
4 121
2 75
5 36
4 27
4 21
1 54
1 46
1 65
6 111
3 106
1 122
1 109
5 77
2 121
5 118
1 48
2 123
1 124
1 77
2 157
1 84
3 137
1 71
3 111
1 80
3 151
2 61
2 94
3 119
1 67
2 87
1 46
3 67
2 97
3 155
3 395
1 1870
2 51
1 74
1 101
2 47
9 760
2 115
1 72
4 134
1 55
2 36
2 55
1 80
2 99
1 83
2 122
2 178
1 109
1 51
4 236
5 184
0 328
3 147
1 308
2 78
1 338
4 143
1 213
1 67
2 79
2 130
2 74
1 44
2 92
5 109
1 39
2 52
3 222
2 60
6 408
1 51
2 63
4 75
1 58
1 101
2 177
2 77
2 56
1 282
2 134
6 126
5 243
2 187
2 49
2 155
2 166
1 42
3 68
3 71
1 80
1 39
1 65
2 69
1 100
3 73
1 61
1 39
1 47
1 131
2 70
1 114
3 79
1 48
2 68
4 162
3 113
1 101
1 65
1 127
2 140
3 138
2 62
2 151
1 60
0 211
1 45
2 63
1 80
1 33
1 35
1 96
1 119
1 42
2 256
1 39
3 159
3 171
3 102
0 58
1 65
2 161
2 81
3 277
2 90
1 32
2 148
3 199
1 63
1 41
2 78
3 57
2 62
1 54
3 216
3 95
1 91
7 234
5 88
2 67
2 94
3 124
2 64
3 72
3 113
1 47
3 259
2 46
2 109
3 2546
1 66
4 115
2 66
1 117
1 99
2 33
1 68
5 79
2 97
1 108
1 80
1 87
1 82
2 115
1 90
1 52
2 63
4 132
4 270
1 34
1 40
1 171
4 107
3 175
2 244
1 68
1 82
2 59
4 115
1 41
4 181
6 163
1 23
1 33
1 66
4 380
6 239
5 163
1 189
4 262
1 78
3 91
2 47
2 136
1 116
5 86
1 40
2 91
3 175
11 405
2 110
2 56
10 268
6 184
8 186
4 138
1 33
4 52
1 44
1 39
1 183
1 74
2 134
3 134
1 63
2 87
1 63
1 70
2 55
5 119
1 92
2 86
1 278
2 65
1 30
1 61
14 850
2 63
3 105
2 199
3 138
3 58
3 70
3 64
5 119
1 169
1 84
2 78
2 64
1 86
1 57
3 127
3 142
0 89
5 90
3 206
5 230
1 139
2 114
2 170
1 93
5 297
4 133
2 60
6 123
0 37
1 85
2 119
10 551
4 786
3 80
3 110
5 89
1 193
1 152
3 98
1 80
4 371
2 98
2 64
4 258
1 154
2 67
6 158
2 74
5 131
4 321
1 158
2 115
2 125
2 224
1 123
3 163
4 118
5 108
1 41
5 291
4 91
0 87
2 117
3 106
1 80
2 51
4 167
2 97
5 97
1 181
2 131
3 102
2 133
0 61
1 72
6 160
5 154
2 68
3 93
1 214
6 148
1 61
1 47
3 65
12 874
2 206
2 76
2 97
1 380
1 58
1 93
5 160
1 67
1 81
3 66
1 36
2 103
1 42
1 46
2 59
2 57
2 43
1 56
1 47
3 62
6 155
3 122
5 163
4 334
1 64
2 73
2 75
5 174
5 91
2 82
5 99
2 47
1 113
5 133
2 66
12 170
1 72
4 266
1 93
2 230
5 213
2 145
4 270
1 50
1 31
2 69
2 82
4 192
2 106
3 133
4 502
2 205
3 202
4 123
6 153
1 62
4 159
2 118
1 191
4 133
2 60
1 124
1 121
3 127
3 143
8 346
4 67
1 106
1 92
3 302
2 96
1 66
1 51
1 75
1 52
4 85
3 160
2 107
2 78
1 109
1 43
4 160
2 29
1 39
5 147
3 172
3 95
5 66
5 166
2 66
3 115
3 382
1 704
2 60
3 43
4 59
4 67
1 73
2 47
1 83
1 129
2 62
3 113
3 151
1 84
2 58
2 34
1 42
1 27
6 281
2 148
2 145
2 53
4 546
1 79
3 221
1 86
3 175
3 129
2 80
2 86
1 57
7 364
1 54
1 115
1 88
2 40
2 52
3 57
1 41
1 62
1 85
1 29
1 199
4 205
1 63
2 95
3 46
2 153
3 108
1 72
2 85
2 212
1 28
4 68
3 103
3 187
1 121
3 277
5 156
3 207
6 642
1 64
2 208
1 46
2 60
2 98
2 82
2 134
4 121
3 72
4 146
2 63
3 361
1 52
1 50
1 64
1 22
1 116
1 42
1 118
4 208
4 173
11 467
2 94
4 252
1 68
1 146
2 178
4 215
1 129
1 78
5 174
1 61
5 275
2 65
3 199
1 58
2 161
1 59
1 43
3 138
1 72
1 54
2 39
3 123
2 166
1 81
2 86
1 42
1 73
2 97
2 108
2 135
1 60
1 84
3 169
1 107
2 92
2 82
3 190
1 103
1 80
2 97
4 214
8 445
2 82
2 78
3 154
3 150
2 126
2 130
1 129
3 85
6 180
1 94
3 114
3 75
5 174
5 177
4 150
2 142
1 97
3 169
2 60
2 111
1 89
1 149
2 144
1 93
3 68
3 235
2 109
2 121
2 66
1 121
0 45
1 131
1 55
1 125
2 63
4 208
5 90
1 95
3 91
6 67
2 67
1 78
3 279
1 66
5 65
1 80
2 59
2 83
1 100
1 46
8 614
2 247
2 190
2 72
2 216
5 105
4 226
3 213
1 79
1 70
2 77
2 26
2 88
3 95
2 50
3 153
5 179
3 143
1 53
3 121
4 95
2 316
3 79
1 27
1 80
1 52
6 370
3 114
1 124
2 82
2 79
1 50
4 102
1 105
2 138
1 63
2 76
3 71
2 115
1 31
2 62
4 95
1 109
1 89
2 100
1 54
2 392
1 86
1 58
9 1202
5 95
7 246
6 112
3 105
1 30
2 96
5 211
1 103
2 156
1 19
2 79
1 141
4 99
3 35
1 149
1 62
5 249
0 193
5 105
2 96
3 152
1 95
1 45
1 43
2 87
7 197
1 75
1 216
1 71
1 112
1 58
2 80
2 99
1 37
3 86
3 123
1 41
3 121
1 123
1 60
3 70
2 85
2 103
1 67
4 163
3 144
3 264
5 150
3 134
1 104
1 91
1 43
1 50
2 285
4 119
1 34
1 74
2 65
3 76
10 205
4 182
1 48
3 103
4 107
2 91
2 99
4 119
2 110
2 49
8 607
3 75
2 39
1 58
2 263
4 159
1 58
1 69
1 58
2 53
2 33
1 48
2 155
2 67
4 100
2 54
2 92
1 40
2 133
8 328
1 56
1 132
1 54
2 47
7 110
2 221
1 109
1 110
2 81
2 42
2 63
1 80
1 55
3 94
3 81
2 1595
3 131
3 116
3 32
3 142
1 78
1 54
3 84
2 137
5 146
7 224
4 96
3 84
1 189
1 130
1 72
2 84
4 116
2 283
2 109
2 120
1 60
6 248
2 110
1 57
1 43
2 104
1 66
3 64
3 219
1 115
3 129
2 56
4 148
38 3034
1 132
2 59
2 92
1 76
5 181
1 26
1 125
1 72
4 135
1 71
2 168
4 175
2 82
1 87
4 269
2 77
1 114
2 173
2 140
2 81
3 204
4 195
1 81
6 210
1 156
1 44
2 110
2 114
2 140
3 174
4 138
6 161
2 191
1 93
3 68
1 92
1 65
4 97
1 87
3 71
4 59
4 140
1 52
2 134
2 37
2 107
2 22
5 178
2 128
1 131
3 192
2 210
2 188
1 97
2 74
1 120
1 39
4 166
1 85
2 107
1 68
1 70
3 147
3 118
3 73
2 65
7 443
2 62
6 787
1 34
1 40
2 33
1 92
6 294
2 47
1 61
3 91
1 139
2 90
1 22
4 159
4 167
1 39
1 49
1 40
1 60
4 157
4 696
2 82
2 35
2 80
1 43
1 121
6 277
2 91
6 245
3 51
14 625
1 40
4 124
2 33
2 36
1 69
2 185
1 49
3 171
1 136
3 327
2 43
1 68
3 133
2 202
3 68
2 71
4 201
3 101
22 1099
3 71
2 223
1 49
2 101
7 383
2 82
1 74
2 55
1 162
1 72
1 81
4 98
5 171
3 241
6 320
3 262
2 77
2 100
1 137
0 121
2 206
4 151
1 56
1 72
8 359
2 109
4 293
2 68
2 115
5 191
16 1132
2 55
1 71
9 499
2 17
4 221
2 87
4 63
3 70
4 74
1 31
2 99
1 53
2 115
2 46
5 296
1 57
2 232
1 64
2 83
7 195
17 2813
1 80
6 278
7 297
5 1806
2 199
1 48
9 335
6 133
7 252
2 45
2 78
1 110
3 65
1 30
5 231
5 4694
1 64
1 65
1 30
2 61
1 969
1 236
2 263
1 46
3 190
4 117
7 397
2 48
1 151
1 390
2 67
1 66
2 89
2 92
1 51
1 102
3 80
2 104
39 960
3 80
2 48
3 211
1 98
1 37
2 188
1 88
3 254
9 186
3 100
4 142
1 199
3 104
1 40
4 392
2 81
2 70
3 76
1 115
3 128
2 130
2 178
4 147
1 77
1 68
1 82
0 66
1 57
1 64
4 99
3 88
4 81
3 106
4 64
2 90
4 204
7 155
1 55
1 47
1 70
3 47
2 194
1 89
1 90
2 187
5 159
2 47
1 56
2 72
5 229
3 116
1 63
4 168
1 105
2 69
2 79
2 117
4 187
5 193
2 190
2 84
1 56
3 161
1 58
1 92
3 95
4 147
1 56
3 80
1 111
0 98
1 239
6 391
2 64
1 44
3 192
0 57
1 154
4 145
1 71
5 438
1 93
3 122
1 42
1 103
3 152
5 101
1 201
2 82
2 63
1 70
6 357
3 124
4 179
2 88
2 91
1 96
1 138
1 114
3 98
2 49
1 54
3 81
2 72
1 110
6 177
1 75
2 65
2 122
2 98
3 175
3 77
1 46
1 72
4 91
1 117
0 65
6 196
1 167
9 74
2 218
1 53
3 104
2 121
2 226
1 27
1 51
4 210
4 92
1 179
9 585
1 40
3 119
2 112
2 70
3 118
4 151
3 443
1 138
2 62
6 179
3 114
1 54
7 247
2 31
0 106
0 78
2 113
9 1843
2 73
4 74
6 284
3 61
3 122
1 60
2 49
1 55
2 82
2 89
1 64
1 45
2 211
1 38
5 153
1 142
3 129
2 224
1 81
4 155
1 56
1 146
1 62
2 133
1 28
1 31
2 52
1 60
14 460
1 169
2 126
5 433
1 26
1 69
6 175
1 538
2 106
9 467
2 82
2 56
4 153
7 214
1 70
2 74
1 30
1 41
1 45
2 98
1 60
1 98
1 56
3 151
2 42
4 157
2 109
1 142
0 29
5 94
1 39
2 103
1 42
1 55
2 178
3 117
1 322
2 153
1 54
10 889
1 133
1 53
2 72
1 60
1 76
2 216
3 84
4 217
2 218
3 63
3 123
5 333
1 81
2 50
5 78
5 151
2 62
1 82
1 99
1 142
2 97
2 254
2 96
4 172
1 51
2 79
8 589
6 57
3 135
1 74
3 86
4 218
1 64
1 166
2 244
1 91
3 312
2 87
3 62
2 168
3 198
3 102
5 200
2 48
13 1299
5 102
3 698
1 88
2 64
5 399
2 78
1 59
2 93
4 122
1 131
3 106
2 93
2 91
1 51
1 52
2 42
4 56
2 66
1 63
8 581
2 66
2 72
5 232
7 170
2 214
1 57
2 75
1 57
2 56
6 124
5 643
9 570
10 410
1 115
1 101
3 672
2 279
10 119
1 59
3 152
1 139
2 90
1 122
3 51
1 159
1 62
5 213
1 76
1 88
2 176
1 204
2 419
4 433
2 104
4 378
4 71
1 156
5 359
5 203
2 158
1 44
1 44
8 342
2 106
2 73
1 109
2 47
2 153
2 111
3 165
2 198
1 79
15 2837
9 180
2 63
1 317
11 259
2 74
3 109
1 60
4 505
1 46
3 244
3 75
4 287
1 73
1 46
1 62
2 95
4 124
7 421
1 50
2 106
1 101
5 319
1 79
3 186
2 78
2 513
1 85
2 103
4 154
2 48
1 72
4 276
3 68
1 56
2 141
11 395
6 149
1 122
2 51
4 166
4 119
1 38
1 123
7 223
3 345
1 42
1 43
1 89
4 174
1 44
2 159
1 118
3 110
3 91
1 86
3 95
3 158
1 63
1 52
1 85
3 206
6 107
3 185
1 56
3 100
1 104
2 199
3 140
1 51
3 69
4 61
6 232
1 148
1 41
2 205
1 93
2 60
2 48
2 96
1 121
1 58
2 156
2 52
1 38
2 72
3 48
2 99
4 67
4 169
7 391
2 257
3 85
1 66
1 41
1 101
1 57
1 42
1 71
2 172
2 47
3 100
1 70
3 60
4 78
2 86
2 46
3 43
1 132
5 161
3 71
1 65
1 74
2 237
3 177
2 46
1 45
4 111
1 83
8 242
1 80
3 81
12 1018
6 193
2 166
3 162
1 126
2 67
1 36
2 66
2 95
3 45
6 320
5 159
5 197
2 103
1 94
1 225
1 76
2 60
1 213
2 249
3 186
7 202
4 44
4 120
5 123
1 69
6 246
3 236
1 117
1 65
5 94
4 170
6 407
2 50
1 22
1 20
2 55
2 78
1 53
0 52
3 133
1 94
1 97
2 251
2 97
6 262
3 87
1 17
3 125
2 89
2 56
3 145
2 97
3 348
10 299
5 263
1 42
0 54
8 234
1 76
3 169
3 100
1 360
4 539
4 112
1 57
2 84
3 39
1 156
1 76
1 136
3 119
3 33
3 102
4 240
3 58
4 241
4 76
1 12
1 74
7 185
3 55
3 46
1 44
1 73
4 113
1 39
2 49
3 300
3 55
2 66
5 106
1 40
1 103
3 124
3 52
1 114
2 96
3 102
3 177
1 90
2 110
1 46
1 52
1 213
1 202
3 120
1 209
1 55
2 60
4 77
3 69
1 64
2 67
6 141
1 91
7 172
2 92
1 69
4 219
3 91
2 119
2 55
5 602
1 62
2 82
3 96
2 85
1 116
8 185
9 258
1 157
1 138
5 118
1 217
3 87
7 309
10 610
1 351
1 86
2 45
2 158
13 652
4 127
1 71
3 46
3 209
4 96
3 55
6 228
1 38
3 50
1 161
4 91
2 133
2 164
1 86
1 91
4 144
1 57
2 222
2 59
1 50
3 284
4 152
2 117
1 46
5 242
6 290
1 49
1 116
2 72
1 42
3 213
1 90
3 133
2 31
2 64
4 133
1 44
2 136
7 89
4 204
1 146
17 435
1 97
1 111
3 418
3 82
4 157
9 391
6 184
4 257
4 328
2 75
1 56
2 119
3 100
1 99
2 68
3 97
1 113
1 70
2 137
4 94
1 44
2 111
8 463
1 33
1 252
107 5307
2 74
1 42
4 242
2 173
1 36
4 89
4 198
1 49
6 153
2 101
4 184
1 67
5 297
2 101
4 165
2 37
5 64
4 314
1 99
1 123
6 209
4 227
1 46
2 116
5 375
2 94
5 208
1 179
2 117
2 77
2 90
3 78
4 111
1 110
2 31
1 45
1 88
3 144
1 47
2 185
2 103
1 75
26 879
4 171
4 63
3 125
2 129
4 49
3 86
1 36
2 56
1 69
4 168
3 117
4 147
12 981
1 91
2 37
1 59
3 200
1 38
15 303
3 244
2 242
1 130
3 72
2 119
1 87
1 41
1 77
4 366
3 125
2 80
1 57
1 83
3 54
1 40
1 101
1 48
2 70
3 1251
4 463
2 66
3 153
3 76
3 107
5 89
2 119
3 56
4 212
1 49
1 58
1 29
2 41
8 263
1 172
3 66
1 66
3 77
2 150
5 256
3 49
1 178
27 299
2 238
1 65
2 48
4 206
7 180
1 39
2 102
5 158
1 58
4 673
1 83
3 59
4 182
2 151
3 93
2 41
1 32
5 166
3 99
14 853
1 28
8 462
1 67
1 63
1 173
1 89
1 59
3 163
6 166
3 178
3 105
18 1754
1 121
4 102
1 29
1 93
1 121
3 187
2 51
1 80
1 43
1 109
1 39
2 66
2 77
1 38
1 74
3 134
1 56
1 34
3 64
1 60
2 65
2 182
1 97
0 44
1 94
1 68
3 80
1 60
3 152
6 176
1 44
9 332
2 63
1 47
1 53
4 229
1 44
2 54
2 46
1 55
2 67
2 84
2 102
1 36
1 80
1 73
2 48
1 117
2 89
1 102
5 867
2 87
1 44
3 136
1 85
3 75
3 94
6 247
1 225
6 434
2 129
1 39
3 87
2 143
2 90
2 198
1 46
2 67
3 296
2 72
1 58
1 50
3 342
1 184
2 64
1 14
4 168
3 93
1 57
1 32
2 90
1 37
2 205
4 86
5 89
1 92
1 172
1 60
1 22
8 442
6 114
1 53
5 160
2 249
3 40
1 110
3 73
1 21
2 61
1 81
7 185
3 63
4 197
2 86
2 51
1 47
1 25
31 1928
1 137
4 158
2 150
1 35
3 94
1 120
1 43
3 227
2 88
1 62
1 64
1 73
2 40
4 107
5 39
5 37
4 42
3 70
3 48
2 100
13 442
1 163
3 86
2 95
14 618
1 305
4 91
4 176
0 74
3 135
4 205
1 68
1 42
5 148
0 24
1 42
2 42
1 61
1 110
3 156
1 72
1 92
2 87
2 182
3 171
3 369
2 257
1 35
2 187
3 107
1 77
1 113
1 30
3 98
1 53
2 58
1 35
1 186
2 140
4 167
1 96
5 249
2 125
1 57
1 42
1 98
1 83
1 74
1 83
5 363
1 45
5 158
3 94
1 30
3 73
1 62
4 789
2 41
3 165
3 179
3 150
3 106
2 298
1 55
1 85
6 297
1 77
2 77
1 89
1 92
3 217
6 128
1 51
5 76
1 37
5 79
3 54
1 111
1 116
2 107
3 168
2 186
1 34
7 153
2 104
2 55
1 46
3 189
1 53
4 129
3 148
1 97
2 77
1 106
2 83
1 37
1 69
12 1037
1 71
2 77
1 36
3 107
1 78
2 126
3 57
1 23
1 19
1 264
1 92
5 95
3 40
5 116
2 55
2 100
2 112
2 82
3 124
2 100
2 53
3 120
1 66
2 158
6 229
1 36
2 207
2 97
2 327
2 52
4 171
4 57
1 35
3 129
2 48
1 94
5 153
3 68
4 285
4 282
2 100
1 46
2 56
1 84
2 121
2 67
3 42
1 111
5 84
1 58
7 358
2 97
1 44
1 180
3 146
1 70
1 92
1 35
1 69
2 73
2 67
1 68
1 205
2 169
2 97
1 52
1 70
6 264
2 99
2 63
1 63
2 177
2 150
2 67
1 66
2 79
2 86
1 32
1 86
3 122
1 80
2 57
2 70
1 92
1 43
3 246
1 74
1 48
1 38
1 58
2 44
4 223
1 156
8 317
1 53
1 58
3 177
1 35
4 92
2 82
4 96
4 114
2 85
5 89
1 65
3 83
1 51
5 148
4 186
1 87
2 43
1 35
1 140
1 113
3 195
1 83
3 79
1 93
2 62
1 109
2 79
1 55
1 185
2 85
1 51
1 208
2 126
8 519
2 142
5 171
1 63
9 285
1 41
1 51
3 92
1 63
5 214
4 111
1 49
4 65
5 174
2 37
2 85
1 57
2 61
1 98
1 37
2 125
2 61
1 75
1 37
1 162
3 46
2 51
1 65
3 118
1 40
1 130
2 120
1 93
5 91
3 150
2 56
3 73
5 121
1 62
4 170
1 51
1 51
4 182
1 139
1 52
2 56
3 102
1 71
2 140
5 236
2 48
2 55
2 83
3 198
3 295
3 126
2 58
1 131
1 118
0 212
1 45
3 196
5 163
1 88
1 114
2 148
1 36
1 257
4 89
4 128
1 68
2 125
2 126
1 94
2 85
4 173
1 45
2 148
5 616
1 52
3 167
2 55
1 114
2 89
1 155
1 66
2 51
1 55
1 54
1 37
1 52
2 69
3 116
2 47
1 55
3 57
3 175
1 110
1 96
2 40
1 25
10 331
3 71
1 61
1 65
3 94
2 79
10 378
1 180
3 591
1 66
2 85
2 82
2 55
1 86
1 21
1 155
3 189
1 33
1 96
1 78
1 71
2 74
4 91
2 102
1 43
15 1008
4 125
2 58
1 88
1 42
5 87
1 62
1 55
3 89
1 36
1 26
6 133
1 47
1 46
2 78
2 70
2 67
0 66
3 112
1 40
1 62
3 207
2 127
3 305
3 168
1 30
1 25
2 133
1 58
2 136
2 149
6 497
1 109
1 187
1 87
14 1436
2 43
2 95
2 50
3 184
1 30
2 102
3 207
1 72
2 338
0 83
1 18
2 26
6 137
1 38
0 43
2 86
2 91
2 45
1 58
1 30
3 124
5 273
4 115
1 66
2 111
2 64
3 55
2 56
2 112
1 55
5 241
2 41
2 71
3 147
1 16
1 13
4 345
2 74
2 167
1 43
2 88
3 201
1 83
1 54
1 36
2 112
1 68
3 78
2 31
1 62
2 44
3 70
2 71
0 29
9 443
4 185
1 92
4 149
3 110
1 137
1 42
2 52
1 104
1 84
2 76
2 1453
1 28
1 43
2 33
3 93
2 129
4 251
2 55
3 109
1 369
12 278
6 190
1 84
3 111
2 56
1 141
1 52
1 75
3 94
1 31
3 81
2 49
4 140
3 255
2 162
1 87
3 74
2 94
5 132
4 62
7 562
17 2290
1 59
2 55
1 52
3 197
2 117
2 130
2 40
1 42
1 40
1 25
1 98
0 45
2 97
1 200
1 84
3 72
2 298
2 28
13 362
6 535
1 41
2 108
2 27
0 43
4 169
3 121
2 86
1 32
3 95
1 64
4 131
2 98
2 65
3 105
2 46
1 47
0 48
3 160
1 25
3 151
4 217
2 63
1 46
2 100
2 131
1 115
1 101
1 57
2 184
1 70
2 85
3 146
9 266
1 111
2 85
1 61
4 198
2 49
1 76
2 95
4 157
0 42
1 26
1 49
8 368
2 112
2 119
1 37
2 140
5 119
1 77
2 65
1 85
6 542
4 221
2 107
2 73
2 186
1 26
4 243
4 254
2 31
7 340
1 50
2 139
2 88
1 80
6 315
10 691
3 104
2 95
1 40
1 81
1 23
1 27
2 123
1 46
1 47
3 170
2 86
1 51
1 48
2 190
5 131
4 162
4 199
1 110
2 69
3 61
1 90
6 228
2 133
1 87
13 1023
2 135
1 41
1 73
1 44
2 210
1 42
3 98
5 117
2 242
1 47
5 210
1 24
2 86
6 123
1 50
1 18
1 92
2 98
3 178
0 59
7 191
1 61
1 44
3 235
2 141
1 47
1 28
2 82
2 77
2 65
4 97
2 164
2 61
6 127
2 62
3 116
1 101
1 32
1 41
1 38
1 83
2 101
6 275
1 168
3 119
1 42
3 175
2 60
1 45
2 205
1 51
3 103
1 100
1 129
1 57
1 57
2 89
1 85
4 184
3 107
1 41
1 84
1 51
2 43
1 78
2 151
2 42
1 39
1 73
2 76
14 684
2 275
2 99
1 94
5 215
2 150
2 86
1 78
6 91
2 112
5 248
2 42
2 44
1 69
1 67
1 47
4 166
19 606
1 60
2 65
4 181
2 183
3 88
5 136
1 21
3 139
3 129
1 356
1 91
1 52
5 119
5 122
3 134
3 165
1 79
1 56
1 46
1 57
4 263
1 109
1 45
2 89
4 89
1 71
1 89
1 21
1 50
4 115
18 816
3 137
2 127
1 31
2 111
1 36
2 73
1 96
2 100
1 90
1 62
1 88
2 279
4 100
1 45
2 146
3 53
3 89
2 140
1 225
5 133
6 410
1 134
2 74
3 57
3 108
1 66
2 85
2 94
3 184
1 64
3 129
1 67
1 68
2 47
2 62
2 120
3 212
3 78
2 81
6 133
4 117
3 118
1 53
3 120
1 55
1 55
3 65
3 78
1 56
1 42
1 98
2 126
1 37
2 67
1 36
2 41
2 206
1 38
4 127
2 55
2 47
1 115
1 45
2 111
6 546
10 341
2 82
1 25
1 70
1 54
1 47
1 85
2 50
1 54
0 52
1 40
1 29
2 87
1 183
5 96
1 87
1 60
5 303
1 1571
2 29
6 188
1 159
1 15
1 52
1 52
2 113
2 48
2 303
2 309
3 120
3 123
1 21
2 112
5 157
1 47
2 54
1 65
3 73
7 334
1 50
2 143
1 112
1 80
1 77
1 72
4 323
5 109
2 43
1 61
1 25
1 53
1 44
1 64
4 157
2 68
2 141
1 40
1 63
2 44
4 355
1 77
2 70
1 77
1 70
2 61
1 68
1 39
2 74
8 538
2 87
2 151
1 30
3 68
1 125
1 63
2 121
3 78
1 88
2 140
2 68
3 125
4 143
1 85
1 65
2 56
1 120
1 46
1 44
1 41
3 58
1 58
2 91
1 66
1 29
1 47
4 231
4 229
1 23
1 185
1 61
1 38
2 39
1 79
2 90
1 285
1 52
1 90
1 19
1 44
1 55
3 70
2 101
4 74
1 89
4 347
1 28
3 145
4 123
1 119
1 93
2 52
3 145
3 66
1 46
4 73
1 52
1 43
8 501
5 263
2 26
1 56
1 58
3 26
2 44
4 179
3 83
1 128
1 31
1 58
2 57
4 172
1 186
2 78
1 55
1 20
3 320
2 54
2 105
2 41
1 25
2 90
2 153
0 49
4 418
2 43
7 350
1 66
1 68
2 52
10 596
1 114
1 41
4 233
2 73
1 70
1 78
2 122
14 829
1 72
2 38
1 28
4 69
2 86
3 87
1 37
5 167
9 284
1 99
4 175
5 208
3 152
4 153
2 112
2 53
3 61
3 194
2 149
2 79
5 354
1 102
2 76
1 25
3 103
1 73
1 40
1 57
2 94
2 100
1 30
2 145
1 34
1 58
1 28
2 220
1 36
2 142
1 99
8 176
1 77
1 65
1 48
1 152
3 80
3 65
1 137
2 175
2 28
1 309
1 32
5 172
2 66
2 30
2 114
4 153
0 39
1 42
5 100
1 135
1 116
1 66
1 61
1 42
2 129
1 120
3 155
1 67
1 55
2 57
1 50
4 138
2 28
1 44
1 45
6 340
1 57
9 473
1 67
7 404
2 45
2 90
1 67
1 79
2 37
1 102
1 37
3 217
1 47
2 147
1 50
3 142
2 86
4 114
1 48
3 108
1 104
4 56
1 52
2 71
2 114
3 120
1 39
1 18
3 70
2 94
1 71
1 12
5 549
3 59
3 49
1 82
2 58
1 103
1 120
1 109
8 632
1 33
1 41
1 68
1 53
2 54
1 53
1 40
4 113
1 35
1 37
2 99
1 62
2 111
2 80
2 94
2 90
2 85
2 25
5 103
1 34
3 107
1 98
8 352
3 240
4 137
1 71
1 40
1 48
2 45
1 43
1 36
4 58
3 105
2 64
3 111
1 59
5 209
2 164
2 116
1 65
1 19
2 85
5 215
3 170
1 88
1 73
2 58
1 52
3 73
1 55
1 58
1 66
3 68
1 44
1 56
1 39
1 103
1 66
2 91
2 43
3 194
35 8619
2 100
1 40
1 79
1 88
4 54
1 48
1 33
0 33
2 62
1 71
1 45
2 224
1 61
5 252
2 38
1 26
1 41
2 38
1 128
1 52
5 225
1 79
2 342
1 44
6 216
1 65
4 94
2 93
2 86
1 128
5 56
3 68
1 73
3 101
1 24
2 59
1 113
1 57
2 132
1 94
1 104
2 143
1 35
2 85
2 74
1 87
2 55
1 56
1 61
1 36
1 75
1 27
2 53
6 251
2 76
3 105
1 100
2 123
0 75
1 95
2 38
1 129
1 54
1 97
0 67
2 114
1 52
1 106
1 54
5 413
2 69
1 91
2 57
1 41
1 119
1 81
5 88
3 13
4 88
2 104
1 41
2 142
1 80
5 114
5 937
1 18
1 55
3 282
1 91
4 140
1 11
1 46
3 60
1 86
1 33
1 80
1 174
1 15
4 314
1 104
1 33
2 47
1 224
1 64
2 82
6 390
4 108
3 70
5 279
5 504
2 97
0 58
1 55
2 70
1 49
1 32
4 250
1 81
9 189
1 83
1 105
2 132
2 226
1 44
1 100
1 454
5 55
18 1219
1 64
1 48
1 70
1 94
1 54
2 36
2 41
1 80
2 309
1 60
1 80
1 59
1 165
3 88
1 99
2 30
1 39
2 78
2 266
3 148
3 70
1 53
1 76
1 50
0 172
1 305
2 119
1 66
1 67
2 40
1 18
1 14
2 90
1 39
3 54
1 36
1 79
1 42
2 114
1 86
2 100
3 211
1 79
3 120
2 79
1 35
4 86
2 136
3 150
1 54
4 39
4 151
10 220
3 137
2 34
1 54
3 198
1 408
3 151
3 85
1 45
1 39
1 26
9 372
1 40
1 86
2 22
1 28
1 44
1 40
2 44
1 57
3 42
3 172
1 97
0 160
3 171
2 130
1 34
1 100
1 75
3 87
1 183
5 206
1 51
1 27
3 96
1 77
2 71
2 138
4 215
2 31
1 68
3 183
1 38
1 59
2 97
3 113
3 74
4 70
1 40
15 781
1 35
1 31
3 114
2 64
2 52
3 115
1 88
1 48
2 67
1 37
2 79
1 57
1 91
3 116
1 52
1 40
2 243
1 100
1 63
1 110
1 132
1 58
4 272
4 60
2 60
2 68
2 157
1 58
2 71
1 44
2 78
5 203
2 74
1 104
2 413
1 42
4 90
1 77
1 84
2 120
3 171
2 107
7 232
1 69
1 108
1 52
3 52
1 57
1 62
1 50
1 53
1 113
1 52
2 227
1 60
2 47
2 62
1 20
4 88
2 43
0 27
1 33
1 51
4 67
4 161
1 131
1 95
2 123
1 27
2 75
2 70
2 120
1 84
2 187
2 36
4 203
1 63
1 54
3 79
1 68
2 101
1 89
4 266
2 103
1 48
1 103
15 638
1 115
2 167
1 29
1 45
2 64
1 101
4 150
2 83
2 80
5 167
1 149
1 62
1 61
1 42
1 75
3 83
1 57
1 153
1 56
2 29
12 620
1 61
2 79
3 139
3 194
1 30
3 70
3 115
1 31
1 109
1 60
1 113
1 39
1 80
3 103
1 67
1 36
1 58
3 113
1 83
1 60
1 43
1 63
1 39
2 85
1 57
1 35
2 78
2 266
1 35
2 53
2 73
1 74
1 40
1 70
1 47
3 64
1 40
2 34
2 68
1 38
3 100
3 71
1 70
1 36
1 16
1 41
1 69
1 55
1 30
1 45
2 44
3 153
1 38
1 57
1 57
5 145
1 49
1 53
4 166
1 53
1 33
3 27
2 85
1 105
2 80
1 51
2 52
2 32
4 150
2 65
1 107
5 186
2 234
2 70
2 75
1 90
1 58
1 95
5 117
1 161
1 77
1 149
2 191
2 69
2 83
1 38
4 256
2 92
4 25
5 109
1 75
1 87
2 74
2 106
4 315
2 153
3 148
2 64
1 60
2 137
8 348
1 72
5 125
1 75
1 43
1 132
2 73
1 83
1 77
1 160
2 46
4 158
3 263
1 50
5 276
2 26
2 40
1 21
4 215
1 83
1 40
2 59
3 228
1 44
3 119
1 60
3 151
2 64
1 42
1 73
2 76
3 210
1 48
1 44
3 122
1 69
6 259
6 186
3 50
1 87
4 133
2 58
3 128
3 83
4 59
1 107
1 76
4 140
1 30
4 89
1 92
1 26
3 119
4 224
3 152
2 104
1 122
1 69
3 82
1 49
1 35
1 48
3 70
8 118
1 85
1 61
3 116
3 214
1 46
2 108
1 48
2 26
3 73
4 56
2 53
1 86
2 36
3 231
10 300
1 51
2 108
3 145
3 66
1 128
0 48
2 56
2 72
3 102
1 90
2 65
1 122
1 130
1 66
3 152
7 143
1 119
2 222
1 69
1 52
1 62
1 74
1 32
4 100
5 155
1 56
2 73
1 36
2 70
3 55
1 64
3 82
1 60
2 34
1 64
1 30
9 205
3 96
1 45
2 46
1 54
2 62
2 51
1 54
2 116
5 121
3 87
2 147
1 79
1 56
4 150
2 92
1 326
3 127
4 64
1 88
1 50
1 49
2 78
1 43
3 57
1 55
1 88
2 186
1 182
3 68
2 194
3 103
3 114
1 70
6 149
1 44
2 42
3 63
1 70
1 52
2 51
1 26
1 79
1 26
1 236
1 42
4 156
2 326
1 59
1 82
1 53
1 19
2 234
2 49
0 27
1 51
1 78
1 106
1 71
2 410
4 264
1 148
9 479
2 71
1 80
2 410
6 220
1 102
3 413
2 87
1 171
2 158
1 71
3 187
3 72
1 100
5 97
1 53
2 87
6 186
1 82
5 181
2 55
1 163
1 87
3 65
5 191
1 108
5 162
4 181
2 192
1 83
1 45
4 199
1 64
3 136
1 51
2 49
7 163
12 515
1 30
3 101
1 46
2 44
1 87
1 33
1 53
1 60
1 31
3 87
1 64
2 96
1 23
2 50
2 43
2 32
2 61
3 87
4 135
2 173
5 651
0 188
2 105
1 80
2 20
1 15
1 31
1 34
1 55
1 112
4 251
1 112
1 43
1 28
6 1193
1 26
4 352
3 94
1 139
1 72
1 94
1 90
2 40
3 178
4 80
1 81
2 88
2 145
1 95
1 81
1 70
1 67
2 68
2 76
1 27
2 105
1 41
2 90
2 70
1 26
8 164
5 103
1 29
1 42
1 27
1 62
2 67
3 81
1 114
3 96
2 83
1 61
1 93
7 281
1 36
1 36
1 80
1 30
1 71
1 33
2 18
1 35
8 491
1 104
2 120
4 151
2 37
1 26
1 148
1 42
1 95
2 93
2 57
1 44
1 66
2 105
1 67
1 136
1 49
4 93
2 229
5 293
3 81
3 56
1 105
3 109
1 100
1 65
1 57
1 36
2 45
1 74
2 98
3 101
2 111
2 57
4 499
1 67
1 45
2 81
1 38
1 75
3 99
5 186
1 34
2 64
1 27
3 129
1 22
2 117
1 71
3 81
1 34
2 178
3 80
2 80
2 46
3 68
8 352
1 84
3 53
3 96
3 172
1 71
2 46
2 129
1 52
1 35
1 58
1 57
2 94
1 37
1 56
2 115
1 104
11 638
2 44
2 62
1 22
1 57
7 261
1 61
1 64
1 55
1 96
8 732
2 290
6 254
2 140
1 61
1 91
1 73
2 42
1 81
4 358
1 61
2 61
1 22
1 67
1 57
1 61
6 246
1 68
2 40
2 64
1 36
3 77
1 30
30 2671
1 81
1 63
1 53
4 78
2 83
1 42
1 16
2 43
2 38
2 179
1 55
1 71
2 101
1 25
1 62
1 51
2 105
1 66
5 285
2 157
2 61
5 180
2 131
4 150
4 212
1 84
1 97
1 57
2 85
1 87
1 48
1 46
2 69
2 100
1 31
2 71
1 108
2 33
2 52
1 22
2 84
2 58
1 40
1 19
2 52
3 102
4 146
1 49
1 36
1 38
1 62
2 48
1 67
1 125
1 65
4 91
1 55
2 129
1 45
3 63
3 28
1 72
1 44
1 45
1 121
2 91
3 157
4 87
4 100
1 18
1 57
3 192
5 154
2 64
2 71
1 44
1 23
1 48
3 81
2 62
1 23
2 133
2 96
1 45
1 28
1 27
2 56
2 75
3 106
3 165
1 40
1 67
2 51
2 61
1 28
2 54
2 102
1 56
2 80
1 24
1 29
2 25
2 95
2 66
1 23
1 57
1 34
14 695
2 368
1 17
1 64
2 103
1 143
3 189
2 84
1 34
3 86
4 150
5 166
1 39
2 34
2 61
1 209
28 312
1 56
2 51
1 25
4 88
1 87
2 457
1 43
1 58
1 44
3 42
3 118
1 55
2 70
2 29
1 38
1 123
3 101
2 58
2 92
2 74
5 163
2 29
1 66
1 114
1 29
1 272
2 74
1 113
2 49
3 104
3 93
1 92
2 51
1 82
1 62
2 62
1 62
3 75
1 54
2 122
3 74
3 104
1 48
4 73
1 60
2 112
2 56
3 132
2 87
2 107
1 47
1 139
2 25
2 34
1 80
12 1415
2 106
1 39
1 71
1 53
1 126
1 59
1 75
1 46
2 143
1 272
3 83
1 43
2 32
3 163
1 40
1 33
1 45
1 62
1 74
2 94
1 142
2 35
1 73
1 66
2 60
2 54
1 41
1 89
2 42
2 48
1 15
2 24
4 20
3 134
1 33
1 79
2 168
3 79
1 88
1 79
1 72
1 36
1 116
1 74
2 218
1 26
2 75
2 94
2 108
1 70
1 117
2 127
1 46
1 64
1 31
4 46
3 70
1 61
1 76
2 81
2 153
2 74
1 112
1 63
4 87
1 79
2 72
1 67
3 60
1 84
2 68
4 88
4 65
1 109
3 96
3 172
2 48
2 57
1 92
2 70
2 60
1 38
4 100
2 142
2 58
1 41
4 118
2 66
6 571
1 94
1 109
1 73
1 68
1 153
4 103
2 61
2 39
1 37
1 129
2 101
1 37
1 45
1 62
3 103
3 106
3 136
4 415
4 307
1 66
1 55
2 222
3 113
2 85
4 100
1 44
1 101
1 41
2 267
3 52
1 142
2 96
2 129
1 29
2 71
4 130
1 44
3 93
1 40
1 50
4 77
1 83
2 90
1 27
1 72
1 113
1 57
3 130
1 77
2 33
1 22
2 25
2 61
1 35
1 43
2 75
3 89
1 27
2 58
1 111
1 27
1 56
3 45
4 64
5 155
3 128
1 58
1 48
1 36
2 39
1 50
1 49
1 67
2 30
1 59
2 80
1 121
3 122
1 67
1 55
3 100
1 114
1 110
3 166
2 191
2 68
1 52
1 70
3 59
1 64
1 164
1 35
1 50
1 70
1 73
0 23
2 44
2 62
4 93
1 76
1 51
3 71
2 54
2 44
2 67
2 29
4 81
1 56
2 62
1 51
1 28
2 44
1 35
2 64
1 66
1 88
1 55
1 41
1 40
1 71
1 33
1 80
2 77
2 128
1 30
3 97
1 82
2 80
4 228
1 52
1 72
1 62
6 289
1 149
3 138
1 61
5 230
3 51
3 119
2 383
1 76
1 76
1 58
2 56
2 75
3 112
2 98
1 26
2 81
4 153
3 315
2 118
2 73
2 56
1 55
3 141
1 88
3 97
4 138
1 171
18 256
1 62
4 139
3 94
1 94
3 76
2 110
2 186
1 32
3 61
2 68
1 170
1 44
2 123
2 129
3 92
1 65
2 14
2 102
5 46
1 47
1 28
1 36
1 40
1 59
1 37
1 68
1 34
1 22
6 178
1 44
1 514
4 137
2 70
1 61
3 82
2 83
2 47
1 34
1 24
4 79
1 37
4 93
2 83
5 209
1 22
2 223
6 73
1 34
5 111
1 50
4 98
1 42
2 64
1 46
1 68
1 119
1 32
1 102
2 39
1 74
1 18
1 23
2 67
5 187
1 28
1 26
7 300
1 34
1 80
2 72
2 27
1 41
4 187
1 66
1 49
1 86
1 32
2 36
1 49
5 125
3 36
1 83
1 45
3 53
2 35
1 99
1 41
1 25
2 320
2 76
1 123
1 33
1 133
1 53
3 50
1 116
3 108
1 72
2 71
3 82
4 140
1 31
3 112
4 134
1 38
1 34
1 44
2 63
1 120
2 207
3 70
4 111
1 129
1 23
3 64
5 90
2 50
6 210
8 278
29 195
1 57
1 108
5 180
2 76
1 38
1 57
5 163
2 119
2 82
3 209
4 150
1 35
1 73
1 57
1 78
1 68
2 58
3 88
4 116
2 49
7 656
2 209
3 23
3 58
2 149
1 107
4 170
1 151
2 81
1 18
1 65
2 81
1 81
3 112
1 53
1 64
1 70
1 64
6 309
1 78
2 161
1 48
1 105
1 82
1 63
5 160
1 65
1 86
1 52
1 35
3 119
1 59
1 109
0 23
7 199
1 41
1 49
2 70
2 116
1 27
2 80
1 24
2 40
1 76
1 15
1 52
2 203
1 47
1 83
1 43
1 81
4 259
1 59
2 50
3 144
1 41
1 47
1 37
3 200
1 81
3 64
2 94
6 219
1 28
1 90
1 84
2 94
2 70
3 125
1 69
1 66
2 46
1 37
0 25
1 63
2 17
1 20
8 329
1 41
2 92
1 44
1 57
3 69
2 69
1 35
1 60
1 45
2 44
1 51
1 50
1 66
2 86
1 29
1 73
1 23
2 51
2 129
1 53
1 1464
1 58
1 107
1 300
2 180
3 173
1 55
2 93
1 60
2 48
3 74
2 80
2 132
1 69
1 61
2 124
1 90
1 38
1 87
6 289
1 92
1 38
1 45
6 71
3 123
1 109
1 151
2 173
1 19
3 444
1 67
2 86
1 33
1 116
1 40
1 54
2 31
1 123
1 68
2 105
3 91
1 40
4 51
1 84
1 83
4 96
1 55
1 37
1 55
1 50
1 179
2 62
2 50
2 90
2 34
3 60
1 80
1 33
1 48
2 124
1 31
1 81
1 47
1 49
1 54
1 18
1 64
3 182
2 33
2 75
1 133
1 17
1 25
1 116
1 17
3 57
1 34
3 58
2 57
4 336
3 33
2 102
2 55
1 27
2 65
2 61
1 127
1 31
8 184
3 308
3 66
1 26
2 62
1 64
1 65
9 201
2 81
1 21
1 58
1 43
5 160
1 30
2 95
1 45
1 67
1 69
2 45
2 95
3 156
5 145
2 40
2 44
2 71
3 83
1 47
1 44
2 216
1 75
1 95
1 60
1 63
1 41
4 136
2 89
2 65
1 118
5 259
1 52
1 40
1 26
1 24
4 98
4 92
1 34
1 56
6 281
4 100
2 44
1 32
1 85
2 59
2 95
1 27
5 230
1 64
1 39
2 61
2 133
2 82
2 88
2 273
4 24
10 41
1 99
1 22
1 102
1 43
2 40
1 47
1 103
1 129
4 160
1 78
2 63
1 71
2 105
2 116
1 41
1 22
1 66
2 84
4 234
2 97
1 89
2 168
5 117
2 120
2 56
2 58
2 66
2 66
1 34
1 74
2 65
1 96
1 285
1 52
2 102
1 44
1 83
1 62
2 85
1 39
5 412
2 74
2 116
4 100
1 36
2 159
5 151
1 52
1 49
1 41
1 104
1 23
3 92
2 59
2 57
1 61
3 39
1 53
1 54
4 652
2 71
1 50
1 66
2 220
1 35
1 12
2 71
1 43
2 40
4 114
3 110
2 73
2 50
1 19
1 26
7 124
1 25
1 34
3 74
3 41
2 42
2 47
2 44
1 75
1 112
2 26
3 50
3 86
1 25
5 131
8 327
1 57
1 27
1 18
6 12
2 20
7 13
1 11
5 15
2 27
5 17
3 7
1 13
1 63
1 80
2 40
1 32
2 68
2 37
1 56
3 128
1 149
3 115
1 45
2 59
2 51
0 39
2 45
2 54
1 110
1 92
1 36
1 56
1 80
1 71
1 48
1 49
2 49
2 73
3 112
1 83
1 61
1 44
1 67
1 67
1 31
6 193
0 22
2 152
3 104
3 95
1 57
9 291
2 76
2 78
2 59
1 15
2 81
3 296
2 159
1 64
3 108
1 78
1 58
5 377
2 53
1 58
2 88
2 30
1 98
1 44
2 144
2 62
3 65
1 59
1 23
2 65
2 75
3 54
2 55
2 86
4 133
1 56
4 143
1 134
3 92
8 352
1 39
1 43
2 90
1 60
2 34
1 23
1 83
1 27
3 60
1 121
2 40
3 83
1 44
1 27
1 66
2 20
1 87
1 54
5 178
1 37
3 85
1 28
2 70
2 117
1 56
1 84
1 54
1 113
2 213
1 101
2 67
1 108
1 64
2 92
1 77
6 51
2 86
3 84
3 137
4 193
1 45
0 27
1 31
2 134
1 31
2 65
1 23
2 99
2 47
1 41
2 38
1 33
1 44
1 65
1 58
1 26
1 32
1 69
1 39
2 51
3 146
1 46
1 56
3 265
2 31
1 36
2 90
1 47
2 80
1 33
14 325
1 40
1 37
2 38
1 52
4 110
1 95
1 117
1 46
1 21
1 69
5 1340
1 37
4 58
3 131
1 47
2 287
3 30
2 66
1 81
6 285
4 72
1 26
1 44
2 88
1 105
2 62
1 22
0 87
1 75
11 9918
1 39
1 17
3 219
3 201
2 49
2 87
1 30
6 72
1 99
1 27
2 51
2 54
3 52
7 54
1 234
3 67
9 324
1 66
1 14
1 94
1 210
1 40
4 125
1 68
5 247
2 52
1 52
1 55
2 45
1 52
2 56
1 36
1 13
3 72
1 37
1 62
1 50
1 80
1 22
1 114
1 54
3 48
2 114
4 56
3 144
1 73
2 75
2 38
1 44
1 80
1 37
4 123
2 67
2 67
1 58
1 45
1 84
1 21
2 90
2 145
1 44
1 24
4 197
1 49
1 32
6 224
1 40
1 53
2 100
3 112
3 128
1 23
1 39
2 50
2 100
2 36
2 106
5 259
4 113
1 63
3 49
1 88
2 155
3 75
5 176
2 299
2 187
3 94
3 96
1 59
1 34
1 40
5 111
2 149
1 89
1 114
2 62
5 107
1 133
2 100
1 181
1 45
1 38
2 67
1 95
2 73
5 115
5 100
3 230
5 312
4 127
5 247
1 48
4 259
1 83
3 77
1 26
2 57
2 95
3 62
2 79
1 50
7 264
3 74
3 161
2 60
2 27
2 178
1 50
4 117
3 57
1 49
1 146
3 107
5 104
1 139
4 110
1 96
1 65
1 105
1 39
2 49
10 215
1 49
1 74
1 47
2 62
1 28
1 77
2 51
2 112
1 25
3 29
2 169
2 96
2 89
2 57
1 62
2 87
1 51
1 20
1 57
1 62
1 138
1 137
1 48
1 188
1 37
1 94
1 102
3 242
2 114
1 58
2 76
2 41
2 76
1 84
1 28
1 31
1 45
1 38
1 50
2 53
2 138
1 24
1 39
1 49
1 56
1 24
1 26
2 75
2 106
1 44
3 105
1 29
1 39
1 81
9 545
1 89
1 81
1 27
2 93
1 94
2 35
1 80
1 39
2 141
4 148
1 95
2 313
3 185
1 85
1 80
3 100
1 45
1 84
1 86
2 86
2 74
3 129
1 62
1 69
2 34
2 81
1 113
1 43
4 79
3 145
1 110
2 51
4 117
2 57
2 63
2 99
2 139
1 120
1 80
2 57
1 38
1 50
3 62
1 47
1 20
1 64
4 103
2 298
1 68
2 41
2 155
1 46
1 43
1 32
2 66
2 62
1 37
1 32
1 53
4 149
3 77
9 273
1 16
1 41
1 35
1 76
1 71
1 38
2 113
3 71
1 107
1 35
0 109
2 97
1 38
2 113
2 32
4 123
3 89
2 50
3 80
2 40
1 17
3 144
2 54
1 137
1 31
2 38
1 38
1 32
1 38
1 36
2 100
1 31
2 30
1 33
4 119
2 129
1 71
1 53
1 24
1 30
2 84
3 59
1 39
3 151
2 69
1 39
4 206
3 49
1 78
3 58
2 93
1 44
1 72
1 38
1 68
3 91
2 113
2 42
1 54
6 177
1 47
3 231
2 40
1 75
2 73
2 114
4 74
1 34
4 74
1 50
2 92
1 34
2 85
2 38
2 60
3 126
5 93
4 74
1 40
6 185
3 107
2 121
1 24
1 25
1 40
1 31
1 12
1 164
1 95
2 151
2 79
1 18
1 23
2 75
1 55
3 61
1 54
1 77
2 31
2 108
3 52
2 26
3 75
1 42
0 76
1 52
1 349
1 47
1 42
4 108
1 64
1 73
1 69
2 39
3 53
2 74
1 71
1 47
2 205
1 38
1 42
3 50
1 33
2 21
3 35
1 35
1 44
1 40
1 42
1 50
5 166
2 69
1 22
1 77
3 58
1 37
1 37
2 71
2 88
7 197
2 64
2 47
1 144
3 466
5 443
1 18
1 45
1 77
7 440
2 301
1 54
3 87
2 116
1 58
1 38
1 37
1 41
1 54
1 71
1 55
1 71
1 45
11 323
2 92
5 297
1 110
1 59
2 82
1 119
1 29
1 71
1 21
1 33
7 294
3 165
6 163
1 43
2 44
1 26
1 63
3 53
1 43
1 61
6 130
5 134
1 77
2 130
1 91
4 108
1 58
2 81
8 335
3 60
1 118
1 31
4 146
1 99
1 25
3 86
2 73
2 44
1 61
1 54
2 41
1 117
2 126
1 28
4 63
1 29
2 28
1 51
3 108
1 110
1 90
1 30
1 53
3 307
2 29
1 55
1 127
3 95
2 76
1 49
2 49
1 80
2 160
2 35
2 59
1 59
1 25
2 78
1 46
1 55
1 146
2 44
1 44
1 58
2 90
2 120
1 34
1 24
1 80
2 27
1 41
1 61
1 76
2 63
3 133
1 71
1 38
1 81
1 26
1 81
1 22
1 98
1 15
1 28
3 101
1 55
0 49
2 76
1 89
3 151
1 62
1 38
1 15
1 61
1 132
4 146
5 198
1 96
1 23
3 171
1 121
1 36
2 72
2 51
3 98
2 32
1 26
1 58
2 35
1 38
1 32
3 116
7 105
3 163
2 35
1 20
1 21
2 81
1 52
1 79
1 32
2 52
1 114
5 291
3 92
2 271
1 43
1 37
3 307
1 31
1 49
1 73
2 34
5 152
2 87
1 104
1 21
2 92
1 24
1 84
1 83
2 51
2 84
1 21
2 38
1 35
1 59
1 235
1 28
6 550
1 244
4 87
2 54
1 67
1 29
1 41
1 88
1 47
2 60
1 53
1 70
1 100
2 33
2 172
1 100
2 42
1 67
1 58
1 37
1 40
6 211
1 30
1 122
1 42
3 145
1 35
1 42
1 130
2 39
1 73
1 41
1 51
1 61
2 225
1 34
1 78
2 196
2 36
1 53
2 84
1 53
3 208
53 937
2 64
1 17
1 35
2 69
1 29
1 51
1 77
1 70
1 37
1 92
1 37
1 66
1 118
2 96
1 51
1 62
2 116
8 411
1 100
1 66
1 35
1 28
1 46
1 61
1 43
1 164
1 78
3 283
2 40
1 64
1 71
1 183
1 56
1 33
1 135
1 86
3 198
1 71
3 56
3 107
1 65
1 28
2 92
1 33
1 46
4 96
1 58
2 90
2 138
5 1446
1 36
1 49
9 229
1 40
2 89
1 141
1 64
2 67
1 45
2 110
2 21
5 96
1 29
1 29
2 68
1 42
1 90
2 50
1 31
2 82
1 54
2 35
1 148
1 31
1 42
3 147
2 150
1 24
1 75
1 50
1 23
1 35
1 34
3 65
1 32
4 74
1 53
2 143
3 104
5 91
2 50
1 36
3 170
1 103
1 49
2 63
1 47
2 132
1 96
1 36
1 70
3 38
4 217
3 175
1 60
2 52
1 32
1 63
1 29
1 39
2 126
2 43
1 36
1 78
1 62
1 28
2 117
1 115
2 58
3 41
3 43
1 45
1 75
1 109
1 36
2 82
5 139
1 64
3 169
1 42
3 268
2 124
1 53
4 110
1 31
2 80
2 26
1 17
3 142
1 24
2 81
2 116
1 48
1 61
1 19
5 298
1 69
4 92
1 166
1 35
5 137
1 26
3 85
3 137
1 50
1 37
6 266
3 161
1 46
4 316
4 117
1 69
1 73
1 24
1 84
1 30
1 44
3 122
3 146
1 48
2 49
1 24
2 105
2 80
1 46
1 68
1 88
1 157
1 101
1 68
1 49
1 35
2 29
2 123
1 122
2 113
1 68
1 58
2 148
2 67
1 127
2 33
4 72
1 56
1 106
4 125
2 109
2 66
3 652
2 96
1 64
1 82
1 27
2 55
1 62
1 39
1 25
1 61
1 57
2 69
2 63
6 267
3 106
0 75
2 47
1 23
1 43
2 40
1 54
2 81
7 86
2 52
1 40
2 89
1 29
1 89
1 56
1 49
4 130
2 77
3 85
1 16
1 27
3 174
1 38
2 134
1 32
1 64
2 52
1 63
1 85
5 309
2 70
1 109
3 121
1 92
1 44
1 50
2 157
2 142
1 34
1 196
1 26
2 104
1 70
6 232
1 68
1 53
1 64
2 59
22 60
3 95
2 51
1 74
2 120
1 42
3 91
4 43
1 80
1 166
1 28
4 199
2 30
1 61
4 86
1 63
4 149
2 65
1 23
1 34
3 108
2 158
2 58
1 32
4 38
2 153
1 115
4 67
1 85
3 38
1 44
1 67
1 34
1 55
2 59
5 327
1 33
4 155
1 71
3 117
2 136
5 170
1 61
1 37
1 53
1 37
1 94
1 42
3 206
1 38
1 79
2 85
1 43
1 26
3 57
1 91
1 90
1 34
1 31
1 50
1 33
1 45
1 19
1 54
2 33
1 36
3 125
2 77
5 106
1 34
1 37
1 103
1 41
1 114
1 33
1 34
0 97
2 59
1 38
1 24
1 55
2 40
1 115
3 126
2 55
4 129
1 27
1 124
1 62
3 200
1 67
2 61
1 70
2 60
3 85
3 108
1 50
2 47
1 88
1 39
4 227
3 133
2 80
2 45
3 67
1 48
1 93
1 43
1 27
1 24
1 42
1 42
1 95
2 223
4 283
1 44
2 56
1 102
1 66
2 47
1 44
1 51
2 111
1 55
5 162
1 36
2 135
2 112
2 123
1 61
2 117
1 37
3 36
1 36
0 40
1 44
1 45
1 75
3 88
1 73
1 18
1 117
2 81
1 36
3 287
2 68
1 41
1 73
0 47
1 37
3 101
2 35
1 83
1 101
2 71
2 98
4 91
1 61
0 58
1 64
7 154
1 62
5 129
2 123
2 60
1 37
2 59
1 80
1 52
2 75
1 46
1 70
3 182
2 90
1 37
2 90
1 20
2 45
1 35
1 114
6 178
2 58
1 119
1 122
3 174
2 79
1 44
1 36
3 116
1 28
1 51
2 64
1 41
2 175
5 124
3 113
1 41
2 56
2 170
2 188
3 43
1 32
2 55
1 64
1 44
1 78
1 105
1 27
1 90
1 26
3 84
1 47
1 37
1 43
1 33
3 139
1 100
2 85
5 121
0 37
5 182
1 31
1 55
2 49
4 189
1 56
1 63
1 20
1 27
1 55
1 26
2 54
4 54
1 44
1 211
1 54
2 165
1 53
2 62
1 74
2 87
4 94
1 48
4 53
15 969
44 3160
1 56
1 59
1 98
1 30
3 74
1 27
2 67
1 43
3 250
1 20
2 40
1 35
1 61
1 17
2 80
1 55
1 85
2 60
3 97
3 211
1 62
1 106
2 65
1 36
1 48
3 36
1 122
2 39
2 61
1 102
4 175
1 20
1 29
1 58
2 185
1 50
2 27
1 66
1 98
4 109
1 99
1 64
1 63
2 100
1 52
1 42
2 42
1 56
2 191
1 88
1 28
1 79
4 190
4 57
1 66
3 103
3 61
2 95
1 33
4 185
1 48
3 88
13 43
1 62
1 45
1 62
2 71
3 113
4 124
1 64
1 67
0 67
3 88
1 41
1 47
2 98
1 96
1 68
1 70
3 161
2 91
1 25
2 236
2 127
2 110
1 112
2 105
1 92
1 40
1 47
1 32
6 447
1 55
1 43
2 83
6 299
1 54
1 64
1 89
2 48
2 52
2 61
4 204
1 71
1 45
1 39
1 27
1 68
2 53
1 53
1 65
1 31
2 108
2 70
1 29
1 57
3 110
1 78
3 208
1 43
1 64
3 60
1 32
3 279
3 92
1 59
5 421
3 44
1 66
1 40
1 48
2 47
4 264
2 29
1 109
9 148
1 32
1 49
1 71
3 144
1 74
2 110
11 353
1 51
3 73
2 134
1 63
1 71
1 50
1 91
1 44
2 40
1 67
1 75
1 33
3 52
3 50
3 109
2 72
2 122
2 79
2 194
3 164
2 68
2 91
2 110
1 55
1 48
2 141
1 121
3 203
2 40
4 71
3 108
1 58
1 35
1 21
3 61
1 56
4 123
1 72
1 39
5 95
1 53
3 142
1 50
1 41
2 80
1 41
1 77
1 26
2 72
1 104
5 375
1 29
3 110
1 104
1 32
1 80
1 44
1 41
1 25
2 215
1 63
2 94
3 67
2 165
1 103
5 157
1 51
1 35
3 71
1 41
1 67
1 61
1 95
2 81
4 97
1 33
1 56
1 62
0 86
1 69
1 40
1 38
6 162
1 122
2 85
1 124
2 103
1 86
6 340
3 109
5 179
2 48
1 148
1 63
3 58
2 94
2 79
2 152
3 106
2 50
1 31
3 167
16 1414
1 74
1 62
4 139
1 33
2 80
1 45
1 26
1 49
3 90
0 41
1 41
1 132
0 37
1 34
1 33
3 67
1 39
2 46
1 50
2 85
2 125
2 49
1 20
2 30
1 70
1 147
1 38
1 76
2 153
1 179
1 58
1 96
1 32
3 102
2 51
2 50
2 91
3 134
1 90
2 67
1 110
2 39
1 85
1 43
2 98
1 80
1 72
1 129
2 270
3 161
2 143
1 61
1 72
2 87
6 229
1 76
1 127
3 106
1 54
4 156
5 155
2 46
3 180
1 25
1 16
1 85
1 38
1 154
1 69
2 78
1 289
3 66
1 93
1 24
4 98
2 177
1 101
1 41
3 39
2 60
1 36
1 88
2 64
2 209
1 40
2 160
1 28
6 128
5 189
1 55
1 45
1 70
2 48
2 101
2 49
2 45
1 44
0 47
1 59
6 205
2 97
1 59
2 83
2 83
2 59
1 168
1 120
1 247
1 53
1 81
2 47
1 49
1 63
1 34
1 48
1 32
1 59
2 63
1 68
2 116
1 48
1 50
1 45
2 100
1 46
1 28
0 120
2 23
1 43
1 39
2 151
1 78
1 152
4 95
5 200
1 48
1 46
1 33
2 130
1 80
2 214
1 34
1 25
1 23
1 78
2 62
0 83
16 966
2 105
1 71
1 25
3 138
1 37
10 1568
1 31
1 65
3 111
4 93
1 72
6 765
1 176
1 142
1 98
1 38
2 121
1 355
1 102
1 78
4 687
2 43
2 76
3 63
1 34
1 51
2 56
1 46
3 89
1 44
2 37
4 102
1 117
1 80
1 66
2 189
1 64
2 222
2 42
1 88
2 174
1 143
3 223
1 51
1 47
1 50
3 133
4 108
3 100
1 71
3 83
1 139
2 70
2 81
2 57
1 59
2 55
3 85
1 94
1 118
3 166
3 73
4 249
1 92
1 90
5 188
3 248
3 143
1 53
1 58
1 55
1 68
1 58
4 150
2 109
1 71
3 167
2 80
1 36
1 40
1 34
1 32
1 38
1 25
1 63
2 31
4 163
1 38
3 272
3 25
2 159
5 549
2 146
1 50
1 47
2 76
2 102
1 159
1 56
1 29
0 162
1 34
2 103
2 608
3 212
1 89
1 39
1 35
1 49
1 73
1 86
4 94
2 30
6 103
2 98
2 33
1 40
2 53
1 94
0 76
1 31
1 63
1 22
3 237
3 37
6 195
4 90
3 59
2 90
0 56
2 77
2 127
5 55
1 88
1 38
1 68
1 34
1 37
1 404
2 122
2 126
6 168
3 79
1 137
3 103
2 79
1 195
1 33
1 35
4 62
1 29
1 43
1 49
2 118
2 61
2 82
2 60
1 77
1 29
1 48
4 134
1 52
1 44
3 60
1 39
0 47
2 42
1 34
1 69
1 25
6 205
1 21
4 100
2 121
2 126
1 31
1 23
1 81
1 90
1 80
0 44
2 69
1 18
1 33
1 25
1 40
5 600
3 81
1 49
1 67
3 74
1 53
3 166
1 36
1 35
1 128
1 40
2 97
4 100
2 66
2 34
3 49
1 30
2 72
3 150
1 43
1 26
1 64
1 31
1 40
1 32
1 87
1 62
1 52
1 24
4 90
2 87
1 29
1 24
1 42
1 35
2 109
2 192
5 3023
2 87
1 71
1 24
3 50
1 27
1 34
1 42
2 137
2 62
1 55
1 119
1 38
1 120
1 46
1 30
3 73
2 61
1 58
0 52
1 100
1 39
1 86
2 67
3 92
1 39
1 83
1 41
1 66
1 96
1 87
1 48
1 40
1 67
1 53
1 86
1 36
1 35
1 117
2 56
1 50
1 55
1 29
2 255
1 115
2 72
4 201
1 85
3 63
1 82
3 200
1 90
1 41
2 45
1 89
1 53
2 67
3 643
3 122
1 37
1 65
1 65
1 47
1 52
1 37
1 71
3 61
1 23
2 36
1 145
1 39
2 158
1 43
2 54
1 54
1 158
1 37
1 87
1 124
2 26
4 209
8 323
1 71
3 169
1 77
1 26
1 76
1 59
1 109
5 165
1 28
1 39
2 50
1 115
4 172
1 93
3 161
3 80
4 307
2 73
1 36
2 16
0 37
1 169
2 36
1 45
2 105
3 95
2 67
2 68
1 149
1 32
2 71
1 17
2 46
2 57
1 75
1 58
2 83
2 58
1 50
1 31
1 44
2 42
1 60
1 77
1 30
2 38
2 93
1 54
1 40
4 124
1 60
2 107
3 207
1 60
2 87
2 99
2 77
1 133
1 46
2 103
1 61
2 98
1 66
1 74
1 27
2 71
2 84
1 49
1 63
2 56
1 95
1 83
1 51
1 23
1 65
1 44
1 96
3 136
1 39
2 76
2 45
2 109
0 54
2 50
2 62
2 51
1 56
1 52
2 78
2 41
1 49
2 123
1 57
1 53
1 34
1 69
1 61
3 104
1 160
1 106
1 27
1 110
5 122
2 90
2 48
2 83
2 148
1 36
2 71
3 95
1 55
2 36
1 18
1 71
2 95
1 27
1 29
1 102
1 114
2 57
2 92
2 132
2 121
1 178
1 100
1 32
1 79
2 51
1 68
1 144
1 67
7 440
1 58
1 35
1 48
1 48
1 75
2 97
1 35
1 1515
4 142
1 27
1 31
1 39
1 24
1 33
1 27
2 59
1 25
7 204
2 49
1 97
2 38
1 71
4 245
1 15
2 61
3 94
2 42
6 184
1 22
1 30
2 54
3 37
2 30
1 100
1 25
1 21
1 48
1 26
1 30
2 35
1 35
1 40
1 23
1 47
1 42
2 33
1 70
2 141
1 247
1 39
2 91
2 108
1 92
3 86
1 47
2 80
1 53
1 40
4 67
1 58
1 36
1 24
1 39
1 75
1 117
1 61
1 62
1 77
3 97
1 67
2 74
2 61
2 94
2 158
1 82
2 61
3 178
1 35
1 51
3 103
2 205
1 117
1 54
1 75
1 25
1 20
1 26
2 50
1 64
2 57
1 9
2 23
4 100
1 31
1 31
1 37
1 52
3 109
2 145
1 49
1 49
2 60
1 35
1 91
1 45
1 22
1 52
2 42
2 64
0 10
1 31
2 44
2 44
2 79
3 23
2 57
1 77
31 2462
1 29
1 30
